 726.79930 14.874 0.006
 728.86258 15.142 0.006
 729.84546 14.642 0.006
 739.83015 14.734 0.006
 742.84247 15.154 0.006
 744.81531 14.783 0.006
 745.82486 14.919 0.006
 746.86295 15.072 0.006
 747.68233 15.094 0.006
 748.65969 14.667 0.006
 750.73998 14.949 0.006
 751.77048 15.121 0.006
 752.83185 14.708 0.006
 754.84015 14.843 0.006
 755.73740 14.999 0.006
 759.74062 14.899 0.006
 760.79511 15.055 0.006
 762.81582 14.680 0.006
 769.82822 15.003 0.006
 773.81563 14.914 0.006
 776.84164 14.674 0.006
 779.78254 15.110 0.006
 781.79912 14.724 0.006
 783.80753 14.995 0.006
 788.80998 15.048 0.006
 790.82476 14.675 0.006
 795.78148 14.711 0.006
 798.77676 15.163 0.006
 805.83834 14.809 0.006
 816.83241 15.039 0.006
 817.77488 15.120 0.006
 824.72227 14.835 0.006
 826.69456 15.139 0.006
 827.66500 14.690 0.006
 828.72444 14.745 0.006
 829.78896 14.885 0.006
 830.60601 14.994 0.006
 831.61402 15.156 0.006
 832.73686 14.647 0.006
 833.66965 14.789 0.006
 834.72273 14.918 0.006
 835.68989 15.076 0.006
 836.65874 14.997 0.006
 837.64024 14.676 0.006
 838.76790 14.845 0.006
 839.63889 14.953 0.006
 840.75931 15.142 0.006
 842.67139 14.736 0.006
 844.61913 14.996 0.006
 845.64421 15.154 0.006
 850.71525 14.954 0.006
 854.75270 15.137 0.006
 855.73730 14.667 0.006
 856.64466 14.724 0.006
 857.70295 14.875 0.006
 858.65677 15.002 0.006
 859.73269 15.152 0.006
 860.67388 14.629 0.006
 865.54156 14.648 0.006
 867.59701 14.951 0.006
 874.70852 14.627 0.006
 876.57769 14.901 0.006
 876.67788 14.908 0.006
 878.71456 15.009 0.006
 880.60133 14.805 0.006
 885.60803 14.851 0.006
 887.64636 15.157 0.006
 890.66992 14.897 0.006
 892.56348 15.131 0.006
 895.60683 14.947 0.006
 898.58450 14.688 0.006
 918.59974 14.893 0.006
 922.50403 14.786 0.006
 928.56594 14.964 0.006
 933.52822 15.016 0.006
 951.48615 14.911 0.006
1041.90034 15.150 0.006
1072.84867 14.879 0.006
1078.80880 15.062 0.006
1080.86304 14.689 0.006
1081.81242 14.828 0.006
1083.88067 15.133 0.006
1084.79428 14.719 0.006
1086.81461 14.878 0.006
1089.77766 14.629 0.006
1090.79943 14.777 0.006
1091.85760 14.920 0.006
1092.85595 15.062 0.006
1102.86161 15.153 0.006
1107.84458 15.001 0.006
1109.79430 14.807 0.006
1113.85774 14.734 0.006
1116.80198 15.158 0.006
1126.70373 14.860 0.006
1129.80247 14.986 0.006
1131.80714 14.635 0.006
1132.79900 14.764 0.006
1134.81206 15.053 0.006
1142.74938 14.845 0.006
1151.84403 14.808 0.006
1153.71565 15.082 0.006
1155.67134 14.700 0.006
1157.73192 14.962 0.006
1159.73690 14.647 0.006
1161.80198 14.898 0.006
1163.79862 15.130 0.006
1165.79881 14.800 0.006
1167.73352 15.073 0.006
1168.74452 14.889 0.006
1171.71237 14.965 0.006
1174.84020 14.763 0.006
1178.75817 14.641 0.006
1181.72372 15.071 0.006
1183.75726 14.696 0.006
1185.80618 14.970 0.006
1187.75943 14.648 0.006
1189.74780 14.885 0.006
1191.81270 15.134 0.006
1192.84346 14.658 0.006
1194.66297 14.912 0.006
1196.67983 15.014 0.006
1202.68521 14.732 0.006
1204.66536 14.996 0.006
1207.67813 14.774 0.006
1211.68926 14.679 0.006
1213.71995 14.962 0.006
1214.72785 15.137 0.006
1215.55398 14.858 0.006
1216.62203 14.714 0.006
1217.68965 14.867 0.006
1219.62686 15.161 0.006
1221.59755 14.763 0.006
1223.68769 15.052 0.006
1224.56735 15.126 0.006
1226.57560 14.798 0.006
1227.58266 14.936 0.006
1232.67223 14.984 0.006
1235.57342 14.746 0.006
1237.55735 15.014 0.007
1238.65935 15.095 0.006
1241.55958 14.927 0.006
1242.63293 15.094 0.006
1243.60051 14.860 0.006
1245.54524 14.838 0.006
1247.67964 15.148 0.006
1248.64737 14.619 0.006
1251.60191 15.041 0.006
1254.55578 14.786 0.006
1255.58880 14.941 0.006
1258.58610 14.696 0.006
1260.61322 14.973 0.006
1266.59864 15.138 0.006
1268.51978 14.782 0.006
1275.53718 15.123 0.006
1278.51978 14.866 0.006
1281.52784 14.634 0.006
1290.49756 14.769 0.006
1296.58846 14.780 0.006
1300.53455 14.673 0.006
1305.51296 14.721 0.006
1308.54395 15.161 0.006
1315.50313 14.801 0.006
1318.48585 14.817 0.006
1320.52803 14.862 0.006
1331.49047 15.105 0.006
1431.83379 14.730 0.006
1433.83036 14.994 0.006
1435.87827 14.642 0.006
1437.87097 14.920 0.006
1441.84711 14.828 0.006
1443.80129 15.114 0.007
1447.77505 14.987 0.006
1448.86577 15.158 0.006
1455.78403 14.826 0.006
1458.76992 14.823 0.006
1460.78171 14.850 0.006
1461.73789 14.973 0.006
1471.74832 15.098 0.006
1475.84277 14.991 0.006
1478.76749 14.758 0.006
1481.82971 15.095 0.006
1484.83403 14.943 0.006
1487.82681 14.717 0.006
1491.76556 14.632 0.006
1493.70747 14.882 0.006
1495.75092 15.135 0.006
1498.67206 14.917 0.006
1500.81258 14.843 0.006
1503.70288 14.962 0.006
1505.80973 14.629 0.006
1507.70578 14.885 0.006
1508.82237 15.030 0.006
1509.68390 15.157 0.006
1510.64941 14.635 0.006
1511.73203 14.786 0.006
1512.76606 14.930 0.006
1514.78055 14.895 0.006
1516.82632 14.848 0.006
1518.69821 15.134 0.006
1520.72352 14.743 0.006
1522.72421 15.010 0.006
1523.72436 15.160 0.006
1525.70030 14.777 0.006
1527.76564 15.072 0.006
1528.69157 14.997 0.006
1529.81701 14.691 0.006
1531.70896 14.954 0.006
1538.66608 14.629 0.006
1541.62191 15.048 0.006
1542.77628 14.948 0.006
1544.67861 14.815 0.006
1546.70330 15.117 0.006
1547.70491 14.734 0.006
1548.68207 14.717 0.006
1551.71143 15.154 0.006
1552.64434 14.618 0.006
1553.66804 14.770 0.006
1554.64665 14.903 0.006
1555.67113 15.044 0.006
1556.64527 15.085 0.006
1560.63699 15.111 0.006
1564.55611 14.974 0.006
1568.63279 14.892 0.006
1571.64248 14.663 0.006
1575.65686 14.825 0.006
1578.69717 14.987 0.006
1580.70796 14.626 0.006
1582.64245 14.896 0.006
1585.63322 14.660 0.006
1588.63650 15.092 0.006
1591.60035 14.846 0.006
1595.59359 14.745 0.006
1599.65958 14.655 0.006
1600.62644 14.797 0.006
1601.61959 14.935 0.006
1602.68604 15.098 0.006
1604.61764 14.696 0.006
1606.57460 14.967 0.006
1609.53084 14.736 0.006
1610.54577 14.875 0.006
1611.60585 15.019 0.006
1613.58624 14.638 0.006
1614.65729 14.794 0.006
1616.51495 15.056 0.006
1618.66414 14.700 0.006
1619.55417 14.829 0.006
1621.55032 15.123 0.006
1623.64747 14.743 0.006
1625.62852 15.015 0.006
1627.59882 14.635 0.006
1628.53873 14.782 0.006
1630.51036 15.045 0.006
1631.50819 15.059 0.006
1633.62359 14.828 0.006
1635.50658 15.112 0.006
1645.51568 15.070 0.007
1653.50101 14.980 0.006
1655.54492 14.627 0.006
1657.55440 14.911 0.006
1659.56902 15.056 0.006
1662.53660 14.942 0.006
1664.55967 14.775 0.006
1669.52958 14.625 0.006
1672.50230 15.038 0.006
1687.49991 15.118 0.006
1695.48526 14.974 0.006
1766.87802 15.150 0.006
1768.86363 14.786 0.006
1773.92196 14.841 0.006
1782.85320 14.778 0.006
1788.86163 14.957 0.006
1804.85687 14.757 0.006
1811.87744 14.915 0.006
1815.85363 14.815 0.006
1822.73533 15.145 0.006
1829.88459 14.800 0.006
1844.79251 14.940 0.006
1850.77384 15.150 0.006
1854.83084 15.033 0.006
1858.77797 14.930 0.006
1860.82031 14.882 0.006
1863.79345 14.974 0.006
1866.74414 14.742 0.006
1868.72524 15.013 0.006
1870.84628 14.654 0.006
1874.76707 14.952 0.006
2166.89956 14.862 0.006
2173.81998 15.109 0.006
2189.89136 14.807 0.006
2192.79375 14.875 0.006
2201.80654 15.129 0.006
2212.83820 14.741 0.006
2223.84281 14.962 0.006
2226.82280 14.742 0.006
2228.85981 15.011 0.006
2230.77333 14.631 0.006
2232.79308 14.917 0.006
2234.78727 14.968 0.006
2238.75098 15.128 0.006
2241.63430 14.847 0.006
2243.69273 15.154 0.006
2248.76063 15.020 0.006
2251.72256 14.938 0.006
2253.80666 14.691 0.006
2255.68162 14.850 0.006
2261.70187 15.040 0.006
2264.78294 14.827 0.006
2269.81635 14.862 0.006
2271.76374 15.164 0.006
2273.84879 14.769 0.006
2274.63345 14.888 0.006
2276.74058 15.083 0.006
2278.63909 14.799 0.006
2280.63730 15.075 0.006
2282.64586 14.708 0.006
2289.77951 15.047 0.006
2291.78759 14.657 0.006
2293.75335 14.940 0.006
2295.77527 14.792 0.006
2297.76860 14.851 0.006
2299.80916 15.148 0.006
2301.70327 14.753 0.006
2303.69947 15.022 0.006
2321.65014 14.905 0.006
2327.52864 15.094 0.006
2332.56153 15.152 0.006
2333.52559 14.616 0.006
2339.51379 14.800 0.006
2347.50846 14.613 0.006
2402.50247 15.122 0.006
2524.89819 14.807 0.006
2537.89815 15.100 0.006
2542.86048 15.159 0.006
2552.80779 14.898 0.006
2556.80103 15.133 0.006
2559.84920 14.885 0.006
2563.89447 14.810 0.006
2564.81717 14.921 0.006
2573.81877 14.877 0.006
2578.74295 14.906 0.006
2583.77842 14.946 0.006
2589.82139 15.168 0.006
2596.70963 14.811 0.006
2605.71088 14.756 0.006
2609.70163 14.681 0.006
2614.63639 14.702 0.006
2618.69412 14.622 0.006
2620.82200 14.914 0.006
2623.79288 14.673 0.006
2627.65745 14.875 0.006
2629.68099 14.839 0.006
2631.70096 15.148 0.006
2634.72923 14.893 0.006
2635.60118 15.004 0.006
2637.80023 14.676 0.006
2639.62614 14.921 0.006
2641.69181 14.876 0.006
2643.70058 14.836 0.006
2645.68981 15.140 0.006
2647.64754 14.749 0.006
2650.86314 15.040 0.006
2651.60211 14.635 0.006
2653.62912 14.918 0.006
2655.74240 14.846 0.006
2657.59509 14.813 0.006
2659.61008 15.121 0.006
2661.82808 14.774 0.006
2663.84215 15.043 0.006
2665.84805 14.673 0.006
2668.59704 15.072 0.006
2670.60218 14.688 0.006
2672.58876 14.956 0.006
2674.61015 14.736 0.006
2676.59663 14.870 0.006
2678.66939 15.162 0.006
2680.59512 14.783 0.006
2682.64410 15.061 0.006
2686.63864 14.957 0.006
2695.62102 14.913 0.006
2700.57515 14.933 0.006
2706.59396 15.153 0.006
2713.55904 14.796 0.006
2840.93682 14.944 0.006
2868.87654 14.926 0.006
2885.84151 14.695 0.006
2892.87107 15.019 0.006
2897.84039 15.079 0.006
2903.88620 14.628 0.006
2906.88933 15.022 0.006
2911.76914 15.050 0.006
2916.81318 15.120 0.006
2922.80307 14.632 0.006
2925.89160 15.085 0.006
2930.80421 15.126 0.006
2933.84857 14.865 0.006
2939.85686 15.065 0.006
2942.80646 14.813 0.006
2944.85089 15.134 0.006
2946.85280 14.726 0.006
2949.76744 15.157 0.006
2952.84332 14.912 0.006
2956.68254 14.798 0.006
2958.70925 15.089 0.006
2962.72012 14.979 0.006
2965.73920 14.757 0.006
2967.83876 15.046 0.006
2970.80410 14.813 0.006
2974.74194 14.712 0.006
2976.77661 14.988 0.006
2978.75671 14.623 0.006
2980.69677 14.885 0.006
2982.65616 15.145 0.006
2984.70675 14.799 0.006
2986.79003 15.106 0.006
2988.75408 14.712 0.006
2990.62624 14.957 0.006
2992.77684 14.629 0.006
2994.62311 14.879 0.006
2995.63267 15.008 0.006
2997.64165 14.640 0.006
2999.76136 14.928 0.006
3001.73316 14.873 0.006
3003.70670 14.833 0.006
3005.69746 15.144 0.006
3007.71188 14.747 0.006
3009.70994 15.013 0.006
3011.67926 14.638 0.006
3013.68248 14.919 0.006
3017.69291 14.833 0.006
3019.62047 15.122 0.006
3021.73963 14.746 0.006
3023.60160 14.997 0.006
3024.80263 15.116 0.006
3026.79893 14.804 0.006
3028.81091 15.089 0.006
3031.67288 14.825 0.006
3033.73681 15.138 0.006
3035.74317 14.745 0.006
3038.72155 15.148 0.006
3041.58973 14.895 0.006
3043.62513 15.054 0.006
3045.65881 14.814 0.006
3047.61289 15.106 0.006
3049.61850 14.716 0.006
3051.58578 14.975 0.006
3053.58090 14.621 0.006
3055.58005 14.891 0.006
3057.60487 15.080 0.006
3060.62738 14.944 0.006
3064.63170 14.854 0.006
3067.68869 14.623 0.006
3070.53704 15.023 0.006
3073.60455 14.809 0.006
3075.65295 15.104 0.006
3078.57307 14.846 0.006
3082.56244 14.747 0.006
3084.63936 15.032 0.006
3087.60102 14.786 0.006
3090.56480 14.870 0.006
3102.53126 14.912 0.006
3105.56506 14.690 0.006
3108.54352 15.134 0.006
3112.51488 14.999 0.006
3116.50217 14.901 0.006
3126.50789 14.994 0.006
3146.47041 15.082 0.006
3241.89543 14.808 0.006
3256.90680 14.918 0.006
3263.88165 14.655 0.006
3268.89723 14.658 0.006
3273.87249 14.698 0.006
3277.86169 14.670 0.006
3281.85180 15.154 0.006
3287.71335 14.668 0.006
3289.86552 14.966 0.006
3294.86098 15.017 0.006
3296.86873 14.648 0.006
3301.71972 14.666 0.006
3304.78236 15.115 0.006
3306.86337 14.736 0.006
3311.69048 14.749 0.006
3320.73326 14.717 0.006
3327.70228 15.029 0.006
3329.85289 14.664 0.006
3334.75886 14.716 0.006
3338.80898 14.628 0.006
3350.64080 14.949 0.006
3354.64096 14.875 0.006
3358.69444 14.797 0.006
3361.79990 14.851 0.006
3363.74966 14.830 0.006
3367.70345 14.741 0.006
3372.72188 14.785 0.006
3378.63462 14.949 0.006
3387.62096 14.896 0.006
3391.70218 14.827 0.006
3395.69360 14.719 0.006
3399.66970 14.633 0.006
3402.68655 15.049 0.006
3404.61712 14.670 0.006
3408.56773 14.849 0.006
3412.61316 15.148 0.006
3416.59656 15.029 0.006
3424.59964 14.847 0.006
3437.51229 14.683 0.006
3445.51702 15.147 0.006
3453.53876 14.958 0.006
3462.51404 14.893 0.006
3589.92743 15.097 0.006
3629.85249 14.793 0.006
3634.81785 14.823 0.006
3639.87075 14.862 0.006
3641.86165 15.166 0.006
3650.85697 15.125 0.006
3653.88483 14.882 0.006
3657.83807 14.778 0.006
3661.82193 14.671 0.006
3671.85100 14.770 0.006
3675.83358 14.676 0.006
3683.85468 15.150 0.006
3687.74740 15.018 0.006
3689.84788 14.667 0.006
3692.77174 15.098 0.006
3694.78665 14.719 0.006
3696.72911 14.974 0.006
3699.73167 14.747 0.006
3701.78467 15.045 0.006
3704.69173 14.788 0.006
3706.82053 15.087 0.006
3711.69418 15.136 0.006
3713.70793 14.751 0.006
3716.80707 15.136 0.006
3719.78797 14.922 0.006
3725.77965 15.146 0.006
3730.64976 15.151 0.006
3732.67426 14.770 0.006
3734.77223 15.073 0.006
3736.78863 14.695 0.006
3737.67718 14.824 0.006
3739.77619 15.144 0.006
3742.59918 14.856 0.006
3745.71066 14.638 0.006
3747.74024 14.918 0.006
3749.62305 15.107 0.006
3751.72719 14.825 0.006
3753.59883 15.092 0.006
3755.63638 14.724 0.006
3757.66982 14.991 0.006
3759.73347 14.644 0.006
3762.72180 15.054 0.006
3765.74033 14.823 0.006
3770.58185 14.843 0.006
3773.58921 14.648 0.006
3776.58825 15.031 0.006
3779.57829 14.801 0.006
3782.62802 14.869 0.006
3787.55289 14.669 0.006
3791.60009 15.155 0.006
3799.52460 14.963 0.006
3821.50264 14.776 0.006
3945.92731 15.142 0.006
3963.92344 15.088 0.006
3969.85388 14.727 0.006
3975.90392 14.795 0.006
3981.83314 14.956 0.006
3995.88353 14.965 0.006
4001.83662 15.166 0.006
4005.81447 15.041 0.006
4007.81852 14.669 0.006
4011.81867 14.830 0.006
4018.81020 14.906 0.006
4023.84229 14.936 0.006
4026.74864 14.716 0.006
4040.84855 14.715 0.006
4042.86429 14.992 0.006
4046.73927 14.887 0.006
4048.82882 15.138 0.006
4052.67097 15.059 0.006
4056.71550 14.966 0.006
4058.65356 14.762 0.006
4063.64759 14.630 0.006
4066.64538 15.059 0.006
4069.71101 14.833 0.006
4071.63962 15.120 0.006
4076.71188 15.168 0.006
4079.72459 14.933 0.006
4083.64150 14.817 0.006
4085.70678 15.120 0.006
4092.82410 14.808 0.006
4104.87092 15.146 0.006
4112.69561 14.943 0.006
4117.68446 14.994 0.006
4121.66051 14.902 0.006
4124.74335 14.682 0.006
4129.75593 14.732 0.006
4142.61494 14.927 0.006
4150.60341 15.008 0.006
4155.51674 15.053 0.006
4166.54560 14.627 0.006
4196.49509 14.909 0.006
4341.87111 14.945 0.006
4347.82102 15.153 0.006
4351.86695 15.066 0.006
4357.87887 14.800 0.006
4363.80351 14.752 0.006
4366.85409 15.109 0.006
4369.89463 14.932 0.006
4372.79756 14.692 0.006
4376.88794 14.648 0.006
4379.89436 15.050 0.006
4386.75550 14.686 0.006
4393.76644 15.015 0.006
4398.84267 15.097 0.006
4403.84909 15.158 0.006
4411.77803 14.929 0.006
4411.83973 14.940 0.006
4418.72885 14.739 0.006
4422.82544 15.149 0.006
4429.75668 14.834 0.006
4432.69361 14.802 0.006
4436.73301 15.173 0.006
4439.79870 14.923 0.006
4443.66839 14.815 0.006
4448.82239 14.870 0.006
4451.66260 14.650 0.006
4455.66139 15.133 0.006
4457.71692 14.806 0.006
4460.74699 14.817 0.006
4464.70967 15.155 0.006
4467.70218 14.898 0.006
4471.70390 14.794 0.006
4476.67094 14.834 0.006
4480.67072 14.734 0.006
4484.74976 14.648 0.006
4488.67228 14.887 0.006
4493.67441 14.647 0.006
4498.65269 14.633 0.006
4501.64573 15.066 0.006
4506.58384 15.113 0.006
4508.59383 14.721 0.006
4510.67312 15.004 0.006
4516.62286 15.001 0.006
4519.69439 14.952 0.006
4521.53803 14.795 0.006
4530.60267 15.030 0.006
4532.63096 14.807 0.006
4537.59260 14.852 0.006
4540.64377 14.614 0.006
