dia,mag,err
25.98699999999988,13.007,0.006
28.05028999999993,13.058,0.006
29.033189999999905,13.109000000000002,0.006
3.9767959999999007,13.39,0.006
6.989085999999907,12.986,0.006
8.961945999999877,13.004,0.006
9.971495999999867,13.037,0.006
11.009555999999952,13.087,0.006
11.82894599999984,13.134,0.006
12.806335999999853,13.196,0.006
14.886625999999955,13.338,0.006
15.917115999999831,13.418,0.006
16.978515999999882,13.488,0.006
18.98679599999989,13.473,0.006
19.89063599999995,13.407,0.006
23.887205999999857,12.979,0.006
24.94171599999991,12.996,0.006
26.96244599999986,13.029000000000002,0.006
33.974835999999854,13.454,0.006
2.9211619999997964,13.434,0.006
5.947161999999863,12.972,0.006
8.888091999999958,13.015,0.006
10.904621999999948,13.084,0.006
12.913041999999948,13.194,0.006
17.915551999999863,13.524,0.006
19.930291999999934,13.408,0.006
24.88700199999987,12.995,0.006
27.882271999999872,13.064,0.006
10.896857999999943,13.078,0.006
11.839327999999902,13.126,0.006
18.78671799999983,13.485,0.006
20.783377999999853,13.458,0.006
21.729437999999952,13.293,0.006
22.788857999999884,12.995,0.006
23.853387999999875,12.986,0.006
25.678447999999882,13.014,0.006
26.801347999999837,13.03,0.006
27.73413799999991,13.057,0.006
28.787167999999827,13.099,0.006
29.75434799999981,13.147,0.006
30.723147999999924,13.21,0.006
31.70468799999991,13.279000000000002,0.006
32.83230799999989,13.382,0.006
33.70332799999982,13.43,0.006
34.82373799999981,13.504,0.006
1.6947439999998437,13.447,0.006
3.642463999999961,13.457,0.006
4.667553999999825,13.079,0.006
9.73860399999984,13.027,0.006
13.7760439999999,13.241,0.006
14.760663999999965,13.327,0.006
15.668013999999914,13.399,0.006
16.726283999999907,13.477,0.006
17.68014399999987,13.515999999999998,0.006
18.756043999999804,13.482,0.006
19.697213999999974,13.416,0.006
24.564923999999962,12.995,0.006
26.620353999999853,13.013,0.006
33.731913999999904,13.431,0.006
0.5599599999998262,13.523,0.006
0.6601499999998239,13.518,0.006
4.583629999999978,13.130999999999998,0.006
9.590309999999825,13.04,0.006
11.628619999999847,13.13,0.006
14.652229999999927,13.341,0.006
16.54574999999989,13.464,0.006
19.58912999999996,13.424,0.006
22.566789999999862,13.002,0.006
7.540975999999844,13.007,0.006
11.44527599999988,13.112,0.006
17.507195999999983,13.532,0.006
22.46942599999984,13.014,0.006
5.386311999999883,12.993,0.006
25.718363999999763,13.002,0.006
21.652869999999997,13.345999999999998,0.006
28.595689999999752,13.085,0.006
29.639929999999925,13.145,0.006
30.589309999999944,13.208,0.006
32.65755999999997,13.352,0.006
33.57118999999976,13.413,0.006
0.550395999999914,13.513,0.006
3.5134459999997527,13.475,0.006
4.535245999999739,13.132,0.006
5.593395999999807,12.985,0.006
6.591755999999855,12.978,0.006
16.59737599999999,13.459,0.006
21.580375999999934,13.367,0.006
23.530075999999827,12.972,0.006
27.59352599999993,13.046,0.006
30.53775599999977,13.206,0.006
5.398411999999781,12.987,0.006
8.49716199999989,13.01,0.006
10.501831999999695,13.08,0.006
11.493681999999806,13.113,0.006
13.506751999999778,13.236,0.006
21.444071999999775,13.4,0.006
30.538701999999827,13.202,0.006
32.41032199999973,13.328,0.006
34.36600199999998,13.49,0.006
1.3855179999997702,13.486,0.006
3.39051799999988,13.465,0.006
5.455567999999808,12.988,0.006
7.452237999999803,13.009,0.006
9.452407999999828,13.025,0.006
11.387107999999847,13.11,0.006
12.398127999999767,13.162,0.006
15.365967999999791,13.383,0.006
18.493787999999718,13.508,0.006
22.411747999999708,13.032,0.006
25.377297999999836,13.0,0.006
27.41084799999971,13.044,0.006
29.45977799999986,13.133,0.006
31.413017999999923,13.261,0.006
33.4014079999999,13.416,0.006
0.4252039999997948,13.517,0.006
1.4559539999996929,13.473,0.006
3.275463999999729,13.474,0.006
5.2923639999998064,13.007,0.006
11.297733999999894,13.1,0.006
13.277863999999811,13.220999999999998,0.006
16.29064399999983,13.447,0.006
20.28295399999969,13.418,0.006
22.317203999999847,13.04,0.006
23.32512399999986,12.98,0.006
24.151223999999857,12.978,0.006
25.219283999999924,12.999,0.006
26.2868739999998,13.004,0.006
28.224133999999946,13.079,0.006
30.194783999999927,13.173,0.006
32.284943999999896,13.338,0.006
33.16456399999983,13.412,0.006
0.1317699999998112,13.519,0.006
1.1388199999997468,13.505,0.006
6.228439999999943,12.975,0.006
9.129609999999808,13.017,0.006
11.113519999999733,13.112,0.006
12.21551999999982,13.165,0.006
15.11571999999986,13.365,0.006
16.189129999999828,13.44,0.006
17.132859999999788,13.508,0.006
19.10140999999984,13.47,0.006
21.235819999999727,13.478,0.006
22.20352999999985,13.078,0.006
25.15808999999998,12.995,0.006
28.11197999999975,13.071,0.006
29.144979999999656,13.136,0.006
31.176599999999862,13.252,0.006
34.16265999999981,13.464,0.006
3.111985999999689,13.464,0.006
5.11376599999997,13.018,0.006
6.1298359999998695,12.985,0.006
14.052265999999944,13.294,0.006
17.034905999999893,13.502,0.006
20.042955999999805,13.42,0.006
29.012675999999857,13.12,0.006
0.06250199999974626,13.526,0.006
4.008581999999913,13.39,0.006
8.987001999999826,13.019,0.006
12.0179919999998,13.145,0.006
18.977201999999785,13.492,0.006
21.959911999999786,13.189,0.006
24.00209199999993,12.99,0.006
34.96454199999992,13.497,0.006
30.184599999999875,13.18,0.006
32.18117999999987,13.323,0.006
34.22906999999992,13.469,0.006
1.1806759999997285,13.478,0.006
4.219665999999742,13.293,0.006
7.110985999999919,12.991,0.006
11.08475599999975,13.095,0.006
12.175495999999844,13.14,0.006
17.097405999999868,13.525,0.006
19.09369599999992,13.491,0.006
22.079625999999738,13.139,0.006
23.201215999999707,12.994000000000002,0.006
24.081835999999853,12.976,0.006
25.047595999999892,12.992,0.006
0.016921999999752302,13.509,0.006
4.111371999999804,13.344,0.006
7.0360819999998085,12.989,0.006
10.098301999999832,13.049,0.006
13.102611999999864,13.2,0.006
16.095391999999677,13.421,0.006
20.03413199999973,13.403,0.006
21.97609199999961,13.167,0.006
24.019491999999627,12.979,0.006
26.94065199999996,13.031,0.006
29.081181999999856,13.108,0.006
31.971481999999646,13.300999999999998,0.006
34.0783219999998,13.464,0.006
0.9332679999999058,13.51,0.006
2.049857999999766,13.417,0.006
2.91141799999982,13.432,0.006
3.8768779999997136,13.425999999999998,0.006
4.959537999999746,13.017,0.006
5.993567999999776,12.979,0.006
8.008027999999875,12.996,0.006
10.053827999999749,13.048,0.006
11.925687999999713,13.129,0.006
13.95100799999968,13.273,0.006
15.951677999999811,13.432,0.006
16.951857999999813,13.503,0.006
18.92778799999987,13.486,0.006
20.993137999999725,13.476,0.006
21.91907799999981,13.206,0.006
23.044517999999837,12.982,0.006
24.93645799999981,12.997,0.006
31.893577999999838,13.29,0.006
34.8494279999999,13.508,0.006
0.962683999999939,13.51,0.006
2.864993999999882,13.425,0.006
4.889663999999669,13.027,0.006
5.8913239999997975,12.978,0.006
6.868453999999787,12.978,0.006
9.897803999999807,13.042,0.006
10.8307539999997,13.073,0.006
11.854443999999914,13.127,0.006
12.833063999999778,13.188,0.006
13.857523999999644,13.259,0.006
14.831673999999651,13.339,0.006
18.82338399999989,13.488,0.006
22.742523999999637,13.009,0.006
26.81920399999976,13.027,0.006
29.828863999999694,13.158,0.006
33.84326399999972,13.454,0.006
1.8424999999997809,13.456,0.006
3.853279999999849,13.429,0.006
5.787789999999667,12.974,0.006
8.778569999999753,13.012,0.006
11.781829999999706,13.134,0.006
14.7456799999998,13.365,0.006
18.73892999999979,13.505,0.006
22.80488999999969,12.991,0.006
23.77178999999959,12.992,0.006
24.764929999999627,13.009,0.006
25.831379999999665,13.009,0.006
27.762969999999804,13.056,0.006
29.71995999999971,13.15,0.006
32.676169999999765,13.357,0.006
33.69110999999979,13.463,0.006
34.75118999999976,13.513,0.006
1.6904859999997228,13.447,0.006
2.7615759999998635,13.423,0.006
4.619185999999658,13.097,0.006
6.768405999999674,12.986,0.006
7.658445999999671,13.002,0.006
9.654575999999892,13.039,0.006
11.75174599999967,13.13,0.006
13.732785999999793,13.262,0.006
15.703065999999795,13.421,0.006
16.642985999999823,13.492,0.006
18.6146259999998,13.514,0.006
19.612425999999896,13.419,0.006
21.72787599999991,13.302,0.006
23.61087599999972,12.982,0.006
31.686845999999814,13.306,0.006
33.61995599999976,13.45,0.006
6.5642019999997325,12.989,0.006
8.608131999999777,13.015999999999998,0.006
10.617601999999742,13.082,0.006
13.592441999999828,13.245,0.006
15.59978199999994,13.395,0.006
17.622871999999624,13.521,0.006
22.592781999999882,13.004,0.006
25.56548199999991,12.999,0.006
5.522047999999927,12.997,0.006
13.507377999999905,13.254,0.006
14.817969999999619,13.334,0.006
16.803619999999693,13.482,0.006
21.861949999999766,13.231,0.006
30.79317999999991,13.22,0.006
1.760535999999739,13.459,0.006
17.75575599999953,13.505999999999998,0.006
24.77631599999969,12.988,0.006
28.752495999999798,13.097,0.006
0.5931219999996813,13.517,0.006
7.7423719999996194,12.996,0.006
22.650211999999925,13.011,0.006
28.63159199999987,13.083,0.006
32.688611999999836,13.355,0.006
1.5946379999996694,13.470999999999998,0.006
3.6369779999998637,13.472,0.006
6.610107999999948,12.981,0.006
9.560797999999842,13.022,0.006
11.541897999999811,13.108,0.006
13.66292799999983,13.25,0.006
15.678757999999881,13.406,0.006
17.583717999999728,13.518,0.006
