dia,mag,err
7.660304599999872,14.377,0.006
10.706494599999896,14.55,0.006
3.966786799999895,14.696,0.006999999999999999
6.979076799999902,14.361,0.006
8.951936799999984,14.404000000000002,0.006
9.961486799999976,14.484000000000002,0.006
10.999546799999948,14.588,0.006
11.818936799999944,14.677,0.006
12.796326799999845,14.637,0.006
14.876616799999953,14.329,0.006
15.907106799999823,14.372,0.006
0.24410899999987026,14.366,0.006
2.2523889999999973,14.538,0.006999999999999999
3.1562289999999433,14.648,0.006999999999999999
7.152798999999963,14.374,0.006
8.2073089999999,14.363,0.006
10.22803899999997,14.507,0.006
0.516031199999837,14.398,0.006
4.503441199999905,14.634,0.006
7.529441199999972,14.379,0.006
10.470371199999953,14.527,0.006
12.486901199999943,14.677,0.006999999999999999
14.495321199999944,14.329,0.006
2.7734333999998557,14.612,0.006
4.7881733999999305,14.568,0.006
9.744883399999859,14.47,0.006
12.740153399999864,14.656,0.006
14.071425599999941,14.392,0.006
15.013895599999897,14.336,0.006
5.236887799999939,14.501,0.006
7.233547799999957,14.375,0.006
8.179607799999946,14.357,0.006
9.239027799999878,14.441,0.006
10.303557799999867,14.511,0.006
12.128617799999876,14.694,0.006
13.251517799999835,14.548,0.006
14.184307799999905,14.363,0.006
15.237337799999938,14.349,0.006
16.204517799999813,14.365,0.006
0.4489199999999087,14.387,0.006
1.430459999999904,14.470999999999998,0.006
2.558079999999883,14.579,0.006999999999999999
3.4290999999999268,14.675,0.006
8.409319999999845,14.36,0.006
9.434409999999936,14.453,0.006
14.50545999999995,14.333,0.006
1.8185021999998945,14.505999999999998,0.006
2.8031221999998444,14.61,0.006
4.768742200000017,14.581,0.006
5.7226021999999785,14.387,0.006
12.607382199999845,14.68,0.006999999999999999
5.049974399999896,14.53,0.006
15.949454399999935,14.366,0.006999999999999999
1.2633665999998451,14.465,0.006
4.286976599999807,14.685,0.006999999999999999
9.223876599999844,14.441,0.006
15.492408799999955,14.365,0.006999999999999999
2.672310999999876,14.591,0.006
8.73423099999986,14.383,0.006
13.696460999999953,14.482,0.006
4.997866399999985,14.531,0.006
2.524660799999765,14.566,0.006
9.467480799999976,14.452,0.006
10.511720799999921,14.53,0.006
11.46110079999994,14.644,0.006
14.442980799999988,14.327,0.006
16.46327079999992,14.36,0.006
2.7019229999999825,14.597,0.006
15.785852999999767,14.377,0.006
4.044455199999938,14.687,0.006
5.994155199999831,14.341,0.006
10.057605199999934,14.485,0.006
6.179177400000012,14.319,0.006
11.282597399999926,14.624,0.006999999999999999
12.274447399999811,14.685,0.006
5.500439600000007,14.449000000000002,0.006
14.595069599999833,14.323,0.006
16.466689599999953,14.357,0.006
1.6979717999997526,14.485,0.006
3.758571799999775,14.694,0.006999999999999999
5.763571799999885,14.379,0.006
7.828621799999813,14.367,0.006
9.825291799999807,14.463,0.006
11.825461799999832,14.67,0.006
13.760161799999851,14.466,0.006
1.0146239999997917,14.452,0.006
4.142443999999948,14.687,0.006
2.325666199999897,14.56,0.006
5.421296199999926,14.465,0.006
7.240806199999962,14.373,0.006
9.257706199999813,14.451,0.006
15.263076199999896,14.355,0.006
0.5188083999998128,14.406,0.006
3.531588399999833,14.685,0.006999999999999999
7.523898399999923,14.379,0.006
9.558148399999851,14.451,0.006
10.566068399999862,14.54,0.006
11.392168399999859,14.630999999999998,0.006
12.460228399999693,14.684,0.006
13.527818399999802,14.51,0.006
15.465078399999724,14.364,0.006
2.801490599999898,14.605,0.006
3.6811105999998297,14.69,0.006999999999999999
5.689400599999818,14.395,0.006
6.696450599999981,14.337,0.006
11.786070599999723,14.673,0.006
14.687240600000044,14.324000000000002,0.006
16.671150599999965,14.364,0.006999999999999999
1.048752799999825,14.45,0.006
3.9489527999998657,14.687,0.006999999999999999
5.022362799999833,14.53,0.006
5.966092800000019,14.345,0.006
7.934642799999843,14.37,0.006
10.06905279999996,14.486,0.006
11.036762799999854,14.595,0.006999999999999999
13.991322799999757,14.414,0.006
0.22081499999975665,14.367,0.006
1.2538149999998858,14.458,0.006999999999999999
3.285434999999861,14.663,0.006999999999999999
6.271494999999812,14.326,0.006
10.261904999999924,14.505,0.006999999999999999
12.26368499999975,14.69,0.006999999999999999
13.279754999999875,14.545,0.006999999999999999
4.4777871999997245,14.643,0.006999999999999999
7.460427199999899,14.382,0.006
10.46847719999981,14.526,0.006999999999999999
2.7137993999998606,14.594,0.006999999999999999
8.804709399999982,14.388,0.006
12.750789399999693,14.651,0.006999999999999999
1.004811599999833,14.444,0.006
4.0358015999998065,14.691,0.006999999999999999
10.995011599999792,14.585,0.006999999999999999
13.977721599999791,14.415,0.006
16.01990159999993,14.38,0.006
10.25795379999992,14.488,0.006
10.254876999999883,14.507,0.006
12.25145699999965,14.69,0.006999999999999999
14.299346999999702,14.353,0.006
16.29203699999974,14.367,0.006
2.606629199999979,14.586,0.006
5.497949199999702,14.444,0.006999999999999999
10.562459199999855,14.541,0.006999999999999999
4.863781399999947,14.563,0.006
6.710161399999674,14.343,0.006
16.720571399999994,14.356,0.006
4.090623599999817,14.693,0.006
7.0153335999998205,14.361,0.006
10.077553599999844,14.492,0.006
13.08186359999965,14.59,0.006
16.074643599999913,14.374,0.006
3.2889857999999665,14.667,0.006999999999999999
5.230945799999847,14.503,0.006
7.2743457999998675,14.377,0.006
10.19550579999974,14.494000000000002,0.008
12.336035799999864,14.696,0.006
15.226335799999893,14.352,0.006
0.6087779999998091,14.408,0.006
2.5048079999996915,14.565,0.006999999999999999
3.621397999999779,14.681,0.006
4.482957999999833,14.636,0.006
5.448417999999727,14.454,0.006
6.531077999999987,14.329,0.006
7.565107999999789,14.372,0.006
9.57956799999966,14.455,0.006
11.625367999999758,14.661,0.006
13.497227999999955,14.512,0.006
15.52254799999992,14.372,0.006
0.7988201999998203,14.427,0.006
1.7990001999998206,14.492,0.006
3.7749301999998823,14.684,0.006999999999999999
5.840280199999963,14.358,0.006
6.766220199999817,14.334,0.006
7.891660199999844,14.362,0.006
9.78360019999982,14.467,0.006
2.9721723999996783,14.625,0.006
13.061632399999823,14.592,0.006
13.994582399999942,14.413,0.006
15.996892399999796,14.374,0.006
5.2628145999996745,14.498,0.006
6.770648999999803,14.351,0.006
11.803508999999833,14.675,0.006999999999999999
13.863098999999902,14.441,0.006
9.109981199999652,14.433,0.006999999999999999
10.967591199999902,14.586,0.006
13.116811199999914,14.583,0.006
1.375753399999912,14.466,0.006
3.3567933999998054,14.671,0.006
5.327073399999809,14.479,0.006
6.519565599999773,14.338,0.006999999999999999
16.548825599999795,14.357,0.006
1.8338977999999848,14.492,0.006
4.808737799999843,14.569,0.006
6.816077799999729,14.35,0.006
8.839167799999867,14.394,0.006
13.809077799999669,14.457,0.006
6.315962199999692,14.322,0.006
10.811130999999865,14.568,0.006999999999999999
12.796780999999713,14.638,0.008
15.341205399999776,14.36,0.006
6.92010979999964,14.355,0.006
11.08493199999966,14.595999999999998,0.006
2.364664199999691,14.550999999999998,0.006
4.407004199999887,14.647,0.006
7.380134199999741,14.373,0.006
10.330824199999864,14.505999999999998,0.006
12.311924199999833,14.697,0.006
1.6293463999997466,14.484000000000002,0.006
9.452243800000037,14.451,0.006
16.372663799999962,14.366,0.006
15.719645999999821,14.382,0.006
1.8976381999995589,14.499,0.006
10.910428199999783,14.57,0.006
5.2176903999998805,14.499,0.006
16.222300399999842,14.366,0.006
2.4778925999996524,14.573,0.006
4.514902599999662,14.630999999999998,0.006
6.428422599999723,14.323,0.006
8.448172599999655,14.357,0.006
10.442362599999543,14.515,0.006
14.406072599999993,14.335,0.006
0.5649947999999014,14.408,0.006
2.6234247999999454,14.591,0.006
7.691324799999953,14.373,0.006
10.653254799999893,14.542,0.006
12.73735479999993,14.656,0.006
14.612314799999574,14.312,0.006
3.908166999999605,14.685,0.006
6.989236999999787,14.35,0.006
12.02264699999979,14.68,0.006
13.970036999999607,14.418,0.006
16.05508699999974,14.374,0.006
0.1153491999995424,14.366,0.006
2.2224791999998668,14.545,0.006
4.1209891999994,14.678,0.006
6.119199199999598,14.322,0.006
8.127759199999815,14.359000000000002,0.006
15.261409200000033,14.35,0.006
0.5450913999996381,14.402,0.006
2.510851399999684,14.585,0.006
4.53277139999982,14.636,0.006
6.526101399999607,14.332,0.006
8.566661399999976,14.364,0.006
10.460771399999704,14.527,0.006
12.456971399999746,14.696,0.006
13.683243599999466,14.486,0.006
2.8373457999997207,14.608,0.006
7.870235799999674,14.371,0.006
8.834295799999463,14.39,0.006
14.822495799999695,14.326,0.006
6.0927679999997375,14.326,0.006
10.913584599999618,14.576,0.006
16.23851999999959,14.368,0.006
12.514082199999688,14.693,0.006
10.699324399999538,14.559,0.006
14.692564399999783,14.324000000000002,0.006
1.016336599999807,14.442,0.006
5.0616065999994255,14.532,0.006
5.984306599999503,14.347,0.006
8.221158799999792,14.365,0.006
14.264128799999758,14.361,0.006
4.427970999999982,14.643,0.006
13.429220999999783,14.53,0.006
0.6955731999997141,14.431,0.006
5.630333199999356,14.41,0.006
9.688063199999805,14.464,0.006
11.815943199999808,14.659,0.006
14.78682319999966,14.322,0.006
1.9269953999998428,14.512,0.006
3.9505353999995267,14.692,0.006
5.970505399999813,14.343,0.006
8.998775399999605,14.41,0.006
9.870725399999804,14.472,0.006
12.069775399999974,14.691,0.006
13.89568539999954,14.433,0.006
15.961355399999947,14.374,0.006
1.24572759999986,14.454,0.006
3.2349575999999933,14.642,0.006
5.192687599999624,14.505999999999998,0.006
8.408287599999618,14.353,0.006
9.147257599999953,14.427,0.006
11.174267599999745,14.609000000000002,0.006
13.287547599999776,14.541,0.006
15.140237599999487,14.344,0.006
0.4308297999996107,14.388,0.006
2.6488297999999126,14.587,0.006
4.662899799999631,14.597,0.006
6.668799799999743,14.338,0.006
9.417789799999335,14.455,0.006
11.422929799999547,14.630999999999998,0.006
13.409509799999778,14.524,0.006
15.43089979999966,14.366,0.006
0.692981999999688,14.417,0.006
2.7657419999997046,14.6,0.006
4.691471999999635,14.586,0.006
6.740451999999664,14.343,0.006
10.734991999999352,14.556,0.006
2.992974199999725,14.63,0.006
7.947104199999803,14.36,0.006
13.965914199999833,14.421,0.006
4.20659639999932,14.685,0.006
14.513591799999563,14.326,0.006
9.004516199999411,14.412,0.006
9.245088399999856,14.439,0.006
16.274648399999805,14.359000000000002,0.006
4.5195705999995015,14.621,0.006
10.565380599999576,14.532,0.006
13.56851059999963,14.499,0.006
1.7239227999995348,14.48,0.006
6.767962799999758,14.34,0.006
12.75785279999959,14.647,0.006
15.84638279999958,14.371,0.006
4.034594999999893,14.69,0.006
7.0789549999997625,14.362,0.006
13.087244999999976,14.59,0.006
16.036844999999897,14.374,0.006
1.35687719999936,14.466,0.006
3.3587871999997674,14.666,0.006
6.273427199999277,14.33,0.006
9.349307199999599,14.442,0.006
13.188527199999445,14.571,0.006
15.215237199999535,14.347,0.006
2.5017093999996014,14.578,0.006
5.520789399999631,14.432,0.006
7.620349399999743,14.382,0.006
10.585689399999485,14.538,0.006
14.523529399999536,14.324000000000002,0.006
16.558199399999996,14.351,0.006
1.81390159999976,14.491,0.006
3.753961599999663,14.684,0.006
5.713351599999647,14.388,0.006
7.763941599999478,14.376,0.006
9.847221599999765,14.464,0.006
11.811271599999804,14.672,0.006
13.6834315999997,14.488,0.006
15.83403159999964,14.379,0.006
0.9559037999996428,14.444,0.006
1.965463799999608,14.504,0.006
3.9744437999996727,14.682,0.006
6.094153799999614,14.337,0.006
8.065953799999871,14.359000000000002,0.006
10.039493799999828,14.484000000000002,0.006
12.030253799999965,14.687,0.006
14.044673799999938,14.402,0.006
16.04273379999938,14.37,0.006
1.287655999999984,14.465,0.006
3.290875999999585,14.659,0.006
7.3013059999998555,14.376,0.006
9.228865999999483,14.439,0.006
11.348025999999678,14.63,0.006
13.209995999999606,14.554,0.006
14.411025999999778,14.335,0.006
16.40732599999957,14.364,0.006
1.6949081999997908,14.488,0.006
4.556878199999718,14.618,0.006
6.620808199999974,14.337,0.006
8.627168199999378,14.364,0.006
11.605548199999847,14.649,0.006
14.473728199999789,14.331,0.006
16.50912819999954,14.36,0.006
1.8184103999999977,14.5,0.006
3.7724903999995183,14.69,0.006
5.778100399999679,14.380999999999998,0.006
7.745380399999527,14.375,0.006
9.740500399999569,14.463,0.006
11.739650399999668,14.671,0.006
13.764470399999759,14.47,0.006
0.06258259999954062,14.35,0.006
4.0669025999995485,14.695,0.006
7.123892599999588,14.368,0.006
9.972242599999344,14.478,0.006
13.039752599999654,14.593,0.006
15.088152599999786,14.332,0.006
1.2838747999995521,14.464,0.006
5.273244799999333,14.5,0.006
7.350164799999759,14.380999999999998,0.006
10.311824799999696,14.509,0.006
13.27560479999974,14.545,0.006
8.517666999999836,14.358,0.006
11.551466999999993,14.639,0.006
14.529926999999349,14.321,0.006
1.7768891999998075,14.49,0.006
5.764179199999383,14.383,0.006
15.769899199999491,14.382,0.006
2.2836235999999843,14.56,0.006
14.086654599999651,14.394,0.006
12.37362679999982,14.697,0.006
2.6240789999994227,14.585,0.006
7.639658999999651,14.379,0.006
12.614918999999356,14.674,0.006
16.60411899999934,14.36,0.006
3.8698311999995236,14.699000000000002,0.006
9.731381199999603,14.469,0.006
11.883551199999445,14.684,0.006
2.162363399999752,14.534,0.006
7.013353399999662,14.362,0.006
10.075993399999764,14.494000000000002,0.006
12.157003399999642,14.682,0.006
0.2597155999998151,14.375,0.006
9.302495599999581,14.449000000000002,0.006
16.27151559999958,14.368,0.006
1.6977277999992673,14.483,0.006
6.603697799999974,14.335,0.006
10.653817799999851,14.541,0.006
5.761239999999732,14.39,0.006
9.761399999999783,14.473,0.006
13.814879999999366,14.461,0.006
0.19594219999958185,14.379,0.006
2.1457021999995507,14.535,0.006
6.0994921999995775,14.333,0.006
11.117922199999203,14.6,0.006
0.30626439999986843,14.368,0.006
9.292604399999798,14.446,0.006
13.373824399999373,14.548,0.006
0.6408465999996587,14.421,0.006
4.616946599999518,14.609000000000002,0.006
7.633796599999496,14.384,0.006
9.56436659999994,14.461,0.006
13.514976599999356,14.515,0.006
0.8360087999999308,14.447,0.006
4.81940879999955,14.566,0.006
12.822488799999507,14.65,0.006
9.01074099999926,14.403,0.006
0.29107319999982195,14.390999999999998,0.006
8.312813199999956,14.362,0.006
0.5636953999996129,14.417,0.006
10.906300799999306,14.572,0.006
0.658167399999332,14.414,0.006
5.623527399999479,14.408,0.006
10.676427399999614,14.552,0.006
12.667327399999394,14.661,0.006
4.938249599999843,14.544,0.006
7.966109599999078,14.365,0.006
11.919349599999812,14.677,0.006
15.90320959999918,14.387,0.006
9.20788179999968,14.433,0.006
13.190461799999097,14.573,0.006
10.48036399999937,14.524,0.006
13.404223999999244,14.531,0.006
15.419133999999573,14.356,0.006
0.6371961999997815,14.407,0.006
3.6397561999996846,14.675,0.006
5.692756200000023,14.39,0.006
8.599816199999115,14.374,0.006
10.72861619999907,14.561,0.006
15.602266199999068,14.375,0.006
0.8916183999991389,14.439,0.006
3.990758399999855,14.687,0.006
6.971658399999875,14.36,0.006
12.96333839999951,14.609000000000002,0.006
1.1090505999998008,14.446,0.006
3.1335505999997904,14.642,0.006
5.23152059999914,14.495,0.006
7.247920599999117,14.365,0.006
8.136470599999239,14.357,0.006
10.2354805999996,14.491,0.006
13.058470599999266,14.586,0.006
16.169950599999748,14.369000000000002,0.006
1.4751327999991872,14.477,0.006
3.357942799999705,14.674,0.006
5.462082799999621,14.453,0.006
7.333722799999464,14.38,0.006
9.371272799999474,14.451,0.006
11.404712799999631,14.643,0.006
13.46836279999968,14.522,0.006
16.45669279999936,14.361,0.006
2.7508249999991854,14.595999999999998,0.006
7.592344999999586,14.383,0.006
10.599704999999648,14.538,0.006
13.598744999999347,14.497,0.006
16.58878499999948,14.353,0.006
2.9141171999996587,14.623,0.006
11.886187199999464,14.675999999999998,0.006
3.086299399999742,14.639,0.006
8.33994159999925,14.351,0.006
15.693826999999569,14.378,0.006
0.2411613999995588,14.378,0.006
6.171601399999193,14.341,0.006
12.221641399999731,14.7,0.006
1.4264635999992592,14.475,0.006
15.476853599999142,14.364,0.006
4.705545800000022,14.592,0.006
10.68744579999979,14.548,0.006
14.687595799999638,14.327,0.006
4.95472799999942,14.547,0.006
9.986817999999571,14.482,0.006
12.89316799999932,14.634,0.006
10.268680199999682,14.51,0.006
12.284420199999506,14.697,0.006
16.15940020000001,14.375,0.006
1.524552399999699,14.483,0.006
5.366702399999647,14.474,0.006
9.411232399999314,14.446,0.006
11.34929239999972,14.623,0.006
16.343322399999558,14.364,0.006
2.616714599998996,14.589,0.006
5.6823445999995075,14.4,0.006
7.610954599999896,14.382,0.006
12.683214599999356,14.678,0.006
15.695924599999325,14.380999999999998,0.006
2.8884367999996954,14.625,0.006
4.953716799999043,14.545,0.006
12.071036799999336,14.694,0.006
7.393458999999813,14.388,0.006
15.218148999999276,14.359000000000002,0.006
3.4826011999999125,14.675,0.006
7.458651199999218,14.388,0.006
10.54149119999925,14.538,0.006
15.554071199998866,14.384,0.006
11.68868339999899,14.667,0.006
2.9527555999992217,14.621,0.006
7.866085599999536,14.361,0.006
2.170547799999884,14.529000000000002,0.006
15.395639999998943,14.363,0.006
10.252079799999533,14.511,0.006
16.201989799999804,14.373,0.006
9.535441999999945,14.461,0.006
15.460081999999218,14.367,0.006
1.786264199999298,14.497,0.006
4.826804199999263,14.558,0.006
7.729734199999458,14.377,0.006
11.820114199999098,14.682,0.006
14.826534199999713,14.331,0.006
4.9632763999996925,14.535,0.006
11.974216399998904,14.685,0.006
0.3260485999994778,14.377,0.006
5.332468599999185,14.48,0.006
13.261408599998967,14.544,0.006
13.32310859999917,14.537,0.006
3.487830799999898,14.672,0.006
7.584420799999094,14.372,0.006
14.515660799998985,14.332,0.006
0.7281929999997381,14.427,0.006
4.7675929999993985,14.568,0.006
7.8332829999997555,14.373,0.006
11.702972999999291,14.669,0.006
0.1325751999997422,14.358,0.006
2.9727851999991297,14.621,0.006
6.971575199999684,14.356,0.006
9.02710519999932,14.423,0.006
12.057175199999115,14.683,0.006
16.019855199999657,14.378,0.006
2.287967399998788,14.552,0.006
6.289687399999902,14.325,0.006
11.256727399999445,14.614,0.006
15.256507399999544,14.354,0.006
2.611149599999166,14.586,0.006
6.533669599999242,14.336,0.006
11.535799600000004,14.645,0.006
16.514079599999366,14.354,0.006
2.7827217999987437,14.602,0.006
7.720831799999704,14.364,0.006
9.730821799999266,14.473,0.006
11.810111799999847,14.678,0.006
1.0354539999998664,14.443,0.006
4.106983999999123,14.674,0.006
5.9506239999991735,14.352,0.006
15.01526399999968,14.338,0.006
0.31915619999987754,14.37,0.006
5.280796199999411,14.488,0.006
8.33196620000005,14.356,0.006
