 726.80908 16.491 0.012
 728.87237 16.699 0.015
 729.85527 16.628 0.015
 739.83996 16.472 0.016
 742.85225 16.641 0.016
 744.82511 16.314 0.012
 745.83466 16.375 0.012
 746.87272 16.576 0.015
 747.69211 16.578 0.015
 748.66950 16.594 0.015
 750.74979 16.529 0.015
 751.78028 16.247 0.012
 752.84168 16.484 0.014
 754.84996 16.692 0.020
 755.75380 16.625 0.016
 759.75037 16.559 0.015
 760.80488 16.619 0.015
 762.82561 16.619 0.016
 769.83800 16.580 0.018
 773.82541 16.599 0.015
 776.85141 16.517 0.015
 779.79234 16.589 0.015
 781.80887 16.619 0.018
 783.81729 16.466 0.012
 788.81980 16.609 0.014
 790.83454 16.383 0.011
 795.79125 16.594 0.015
 798.78652 16.608 0.015
 816.84219 16.589 0.014
 817.78466 16.647 0.016
 824.73205 16.632 0.015
 826.72871 16.476 0.014
 827.67477 16.492 0.012
 828.73419 16.598 0.015
 829.79872 16.626 0.016
 831.62378 16.604 0.016
 832.74668 16.486 0.014
 833.67947 16.424 0.011
 834.73250 16.556 0.016
 835.69968 16.635 0.014
 836.66848 16.675 0.015
 837.65002 16.641 0.012
 838.77764 16.556 0.020
 839.64866 16.387 0.014
 840.76907 16.511 0.014
 842.68116 16.681 0.016
 844.62888 16.616 0.018
 845.65397 16.420 0.012
 850.72502 16.621 0.016
 854.76246 16.597 0.019
 855.74708 16.677 0.020
 856.65443 16.668 0.018
 857.71270 16.594 0.018
 858.66656 16.420 0.014
 859.74246 16.437 0.014
 860.68363 16.530 0.016
 865.55134 16.394 0.018
 867.60677 16.561 0.014
 874.71833 16.622 0.012
 876.58746 16.633 0.012
 876.68765 16.639 0.012
 880.61113 16.559 0.015
 885.61781 16.326 0.019
 887.65612 16.591 0.020
 890.67973 16.579 0.019
 892.57325 16.563 0.016
 895.61663 16.635 0.015
 898.59429 16.491 0.008
 918.60956 16.609 0.022
 922.51386 16.563 0.015
 928.57578 16.560 0.022
 933.53801 16.515 0.014
 951.49598 16.675 0.014
1041.91020 16.648 0.015
1072.88579 16.555 0.015
1079.82861 16.589 0.015
1080.87285 16.676 0.015
1081.82223 16.654 0.015
1083.89048 16.472 0.012
1084.80411 16.392 0.012
1086.82440 16.626 0.015
1089.78745 16.533 0.014
1090.80925 16.416 0.015
1091.86740 16.484 0.015
1092.86576 16.591 0.015
1102.87138 16.517 0.012
1107.85438 16.669 0.015
1109.80408 16.463 0.016
1113.86753 16.692 0.015
1116.81176 16.349 0.011
1126.71350 16.613 0.015
1129.81225 16.326 0.011
1131.81692 16.560 0.016
1132.80877 16.642 0.015
1134.82184 16.644 0.014
1142.75916 16.508 0.011
1151.85379 16.582 0.015
1153.72541 16.589 0.014
1155.68109 16.635 0.018
1157.74169 16.598 0.018
1159.74669 16.571 0.014
1161.81174 16.560 0.012
1163.80841 16.542 0.016
1165.80858 16.600 0.014
1167.74328 16.594 0.016
1168.75430 16.619 0.016
1171.72214 16.543 0.012
1174.84996 16.584 0.012
1178.76792 16.565 0.014
1181.73347 16.620 0.015
1183.76702 16.630 0.015
1185.81595 16.594 0.014
1187.76919 16.576 0.014
1189.75758 16.651 0.014
1191.82246 16.568 0.012
1192.85321 16.601 0.012
1194.67272 16.644 0.014
1196.68962 16.636 0.016
1202.69499 16.637 0.016
1204.67512 16.456 0.016
1207.68790 16.626 0.016
1211.68021 16.413 0.015
1213.71446 16.579 0.016
1214.72238 16.668 0.018
1215.54848 16.657 0.015
1216.61654 16.599 0.014
1217.68413 16.422 0.015
1219.62139 16.480 0.016
1221.59204 16.668 0.018
1223.68220 16.531 0.015
1224.56182 16.303 0.014
1226.57011 16.546 0.015
1227.57716 16.637 0.016
1232.66678 16.469 0.014
1235.56795 16.627 0.016
1237.55186 16.383 0.019
1238.65386 16.358 0.016
1241.55406 16.627 0.018
1242.62747 16.611 0.016
1243.57120 16.508 0.015
1245.53975 16.493 0.016
1247.67416 16.673 0.016
1248.64187 16.638 0.019
1251.59643 16.366 0.016
1254.55032 16.601 0.018
1255.58332 16.629 0.020
1257.61494 16.266 0.014
1260.60100 16.602 0.014
1264.59141 16.432 0.018
1266.59319 16.595 0.020
1267.60926 16.621 0.019
1275.53169 16.586 0.019
1278.51433 16.607 0.018
1281.52238 16.589 0.019
1290.49210 16.637 0.020
1296.58301 16.633 0.018
1300.52909 16.529 0.018
1305.50751 16.505 0.015
1308.53850 16.588 0.016
1315.49771 16.622 0.022
1318.48042 16.519 0.018
1320.52260 16.503 0.018
1331.48505 16.501 0.016
1431.82836 16.531 0.016
1433.82494 16.641 0.018
1435.87283 16.541 0.015
1437.86552 16.499 0.015
1440.90451 16.628 0.018
1443.79583 16.422 0.019
1447.76960 16.641 0.023
1448.86034 16.537 0.019
1455.77854 16.461 0.019
1458.76447 16.610 0.022
1459.88606 16.633 0.016
1460.76668 16.649 0.016
1461.73244 16.555 0.018
1471.74285 16.587 0.015
1475.83730 16.365 0.012
1478.76201 16.611 0.015
1481.82423 16.462 0.015
1484.82854 16.590 0.014
1487.82132 16.565 0.015
1491.76006 16.617 0.018
1493.70202 16.579 0.016
1495.74542 16.273 0.012
1498.66658 16.580 0.016
1500.80711 16.579 0.014
1503.69741 16.551 0.018
1505.80425 16.643 0.016
1507.70028 16.571 0.018
1508.81687 16.262 0.012
1509.67843 16.595 0.015
1510.64389 16.579 0.014
1511.72655 16.588 0.015
1512.76058 16.597 0.016
1514.77504 16.471 0.015
1516.82084 16.514 0.014
1518.69270 16.555 0.014
1520.71802 16.583 0.015
1522.71869 16.599 0.016
1523.71887 16.561 0.018
1525.69480 16.544 0.015
1527.76015 16.535 0.014
1528.68609 16.622 0.015
1529.81153 16.520 0.014
1531.70347 16.531 0.014
1538.66059 16.509 0.014
1541.61644 16.637 0.014
1542.77078 16.575 0.015
1544.67309 16.503 0.014
1546.69776 16.597 0.018
1547.69942 16.614 0.014
1548.67655 16.623 0.016
1551.70590 16.502 0.012
1552.63885 16.536 0.015
1553.66254 16.599 0.014
1554.64116 16.645 0.014
1555.66562 16.610 0.015
1556.63977 16.531 0.015
1560.63148 16.669 0.016
1564.55062 16.367 0.016
1568.62730 16.631 0.016
1571.63696 16.440 0.012
1575.65136 16.601 0.016
1578.69168 16.549 0.018
1580.70246 16.632 0.014
1582.63697 16.516 0.015
1585.62775 16.561 0.016
1588.63101 16.579 0.016
1591.59486 16.433 0.020
1595.58811 16.557 0.016
1599.65407 16.635 0.015
1600.62097 16.654 0.020
1601.61411 16.637 0.020
1602.68056 16.442 0.015
1604.61215 16.427 0.014
1606.56914 16.627 0.016
1609.52535 16.436 0.016
1610.54029 16.381 0.018
1611.60037 16.555 0.018
1613.58075 16.624 0.016
1614.65184 16.630 0.022
1616.50945 16.466 0.012
1618.65867 16.578 0.015
1619.54871 16.624 0.020
1621.54484 16.592 0.018
1623.64201 16.297 0.014
1625.62305 16.593 0.016
1627.59333 16.599 0.020
1628.53325 16.561 0.018
1630.50489 16.605 0.022
1631.50269 16.570 0.015
1633.61814 16.625 0.015
1635.50114 16.599 0.016
1645.51022 16.558 0.022
1653.49555 16.547 0.019
1655.53948 16.642 0.018
1657.54895 16.582 0.016
1660.52379 16.573 0.016
1662.53113 16.647 0.016
1664.55422 16.535 0.016
1669.52413 16.633 0.020
1672.49683 16.483 0.015
1687.49448 16.626 0.025
1695.47981 16.645 0.018
1766.87257 16.572 0.019
1768.85822 16.555 0.016
1773.91655 16.547 0.014
1782.84778 16.532 0.015
1788.85622 16.538 0.014
1804.85144 16.583 0.016
1811.87200 16.622 0.014
1815.84818 16.462 0.014
1822.72989 16.353 0.012
1829.87914 16.508 0.015
1844.78698 16.666 0.014
1850.76836 16.629 0.016
1854.82538 16.334 0.011
1858.77249 16.666 0.018
1860.81483 16.354 0.012
1863.78796 16.616 0.014
1866.73865 16.552 0.014
1868.71975 16.420 0.011
1870.84078 16.652 0.019
1872.85661 16.600 0.019
1874.76157 16.276 0.011
2166.89956 16.574 0.011
2173.81998 16.488 0.010
2189.89136 16.586 0.011
2192.79375 16.561 0.010
2201.80654 16.431 0.008
2212.83820 16.474 0.010
2223.84281 16.693 0.011
2226.82280 16.318 0.010
2228.85981 16.588 0.011
2230.77333 16.670 0.011
2232.79308 16.359 0.010
2234.78727 16.458 0.008
2238.75098 16.540 0.010
2241.63430 16.576 0.011
2243.69273 16.594 0.011
2248.76063 16.581 0.010
2251.72256 16.574 0.010
2253.80666 16.296 0.008
2255.68162 16.560 0.011
2261.70187 16.568 0.010
2264.78294 16.568 0.010
2269.81635 16.619 0.011
2271.76374 16.541 0.008
2273.84879 16.461 0.010
2274.63345 16.543 0.012
2276.74058 16.574 0.011
2278.63909 16.628 0.011
2280.63730 16.605 0.010
2282.64586 16.480 0.010
2289.77951 16.562 0.010
2291.78759 16.539 0.012
2293.75335 16.590 0.012
2295.77527 16.546 0.010
2297.76860 16.559 0.011
2299.80916 16.557 0.012
2301.70327 16.498 0.011
2303.69947 16.543 0.014
2321.65014 16.405 0.010
2327.52864 16.328 0.010
2332.56153 16.660 0.015
2333.52559 16.531 0.014
2339.51379 16.578 0.012
2347.50846 16.286 0.011
2402.50247 16.535 0.014
2524.89819 16.622 0.012
2537.89815 16.655 0.014
2542.86048 16.617 0.011
2552.80779 16.459 0.011
2556.80103 16.677 0.011
2559.84920 16.475 0.010
2563.89447 16.657 0.018
2564.81717 16.601 0.012
2573.81877 16.446 0.011
2578.74295 16.397 0.011
2583.77842 16.660 0.012
2589.82139 16.685 0.011
2596.70963 16.658 0.014
2605.71088 16.237 0.008
2609.70163 16.645 0.012
2614.63639 16.552 0.011
2618.69412 16.448 0.010
2620.82200 16.606 0.010
2623.79288 16.574 0.010
2627.65745 16.556 0.015
2629.68099 16.580 0.012
2631.70096 16.570 0.014
2634.72923 16.594 0.011
2635.60118 16.513 0.010
2637.80023 16.353 0.011
2639.62614 16.622 0.010
2641.69181 16.558 0.011
2643.70058 16.586 0.011
2645.68981 16.654 0.010
2647.64754 16.516 0.010
2650.86314 16.299 0.010
2651.60211 16.645 0.012
2653.62912 16.522 0.011
2655.74240 16.560 0.011
2657.59509 16.648 0.011
2659.61008 16.570 0.011
2661.82808 16.615 0.014
2663.84215 16.447 0.012
2665.84805 16.539 0.014
2668.59704 16.472 0.012
2670.60218 16.669 0.012
2672.58876 16.575 0.012
2674.61015 16.432 0.010
2676.59663 16.646 0.012
2678.66939 16.645 0.014
2680.59512 16.390 0.010
2682.64410 16.589 0.012
2686.63864 16.422 0.011
2695.62102 16.561 0.011
2700.57515 16.324 0.010
2706.59396 16.311 0.011
2713.55904 16.252 0.011
2840.93682 16.677 0.014
2868.87654 16.565 0.011
2885.84151 16.547 0.011
2892.87107 16.569 0.014
2897.84039 16.581 0.012
2903.88620 16.624 0.010
2906.88933 16.540 0.011
2911.76914 16.458 0.010
2916.81318 16.646 0.011
2922.80307 16.644 0.014
2925.89160 16.531 0.015
2930.80421 16.548 0.011
2933.84857 16.579 0.010
2939.85686 16.510 0.011
2942.80646 16.636 0.011
2944.85089 16.423 0.011
2946.85280 16.574 0.011
2949.76744 16.610 0.012
2952.84332 16.497 0.011
2956.68254 16.598 0.011
2958.70925 16.285 0.010
2962.72012 16.633 0.011
2965.73920 16.420 0.008
2967.83876 16.690 0.010
2970.80410 16.322 0.008
2974.74194 16.664 0.011
2976.77661 16.457 0.010
2978.75671 16.405 0.011
2980.69677 16.626 0.011
2982.65616 16.596 0.011
2984.70675 16.330 0.010
2986.79003 16.634 0.012
2988.75408 16.621 0.011
2990.62624 16.621 0.011
2992.77684 16.590 0.011
2994.62311 16.554 0.011
2995.63267 16.577 0.010
2997.64165 16.653 0.010
2999.76136 16.595 0.011
3001.73316 16.607 0.011
3003.70670 16.553 0.010
3005.69746 16.591 0.011
3007.71188 16.601 0.011
3009.70994 16.583 0.010
3011.67926 16.619 0.012
3013.68248 16.536 0.010
3017.69291 16.639 0.012
3019.62047 16.493 0.010
3021.73963 16.581 0.010
3023.60160 16.666 0.010
3024.80263 16.544 0.010
3026.79893 16.603 0.010
3028.81091 16.557 0.011
3031.67288 16.580 0.010
3033.73681 16.549 0.008
3035.74317 16.582 0.011
3038.72155 16.527 0.011
3041.58973 16.573 0.012
3043.62513 16.637 0.012
3045.65881 16.469 0.011
3047.61289 16.511 0.011
3049.61850 16.687 0.010
3051.58578 16.504 0.011
3053.58090 16.415 0.010
3055.58005 16.661 0.011
3057.60487 16.582 0.011
3060.62738 16.486 0.010
3064.63170 16.530 0.012
3067.68869 16.533 0.011
3070.53704 16.602 0.012
3073.60455 16.520 0.014
3075.65295 16.692 0.012
3078.57307 16.303 0.011
3082.56244 16.683 0.012
3084.63936 16.404 0.010
3087.60102 16.617 0.010
3090.56480 16.583 0.011
3102.53126 16.638 0.012
3105.56506 16.307 0.010
3108.54352 16.606 0.011
3112.51488 16.525 0.011
3116.50217 16.593 0.012
3126.50789 16.582 0.011
3146.47041 16.504 0.011
3241.89543 16.364 0.010
3256.90680 16.569 0.010
3263.88165 16.582 0.008
3268.89723 16.644 0.011
3273.87249 16.594 0.011
3277.86169 16.537 0.010
3281.85180 16.642 0.010
3287.71335 16.684 0.010
3289.86552 16.585 0.010
3294.86098 16.633 0.010
3296.86873 16.503 0.010
3301.71972 16.680 0.012
3304.78236 16.412 0.010
3306.86337 16.648 0.011
3311.69048 16.385 0.008
3320.73326 16.708 0.010
3327.70228 16.681 0.011
3329.85289 16.407 0.008
3334.75886 16.653 0.011
3338.80898 16.629 0.010
3350.64080 16.547 0.008
3354.64096 16.634 0.014
3358.69444 16.598 0.008
3361.79990 16.522 0.010
3363.74966 16.396 0.010
3367.70345 16.605 0.011
3372.72188 16.595 0.010
3378.63462 16.516 0.010
3387.62096 16.576 0.010
3391.70218 16.559 0.010
3395.69360 16.642 0.011
3399.66970 16.534 0.010
3402.68655 16.672 0.010
3404.61712 16.469 0.010
3408.56773 16.674 0.010
3412.61316 16.446 0.010
3416.59656 16.613 0.010
3424.59964 16.386 0.010
3437.51229 16.335 0.008
3445.51702 16.394 0.010
3453.53876 16.631 0.011
3462.51404 16.580 0.011
3589.92743 16.576 0.008
3629.85249 16.571 0.011
3634.81785 16.664 0.010
3639.87075 16.620 0.010
3641.86165 16.666 0.011
3650.85697 16.537 0.008
3653.88483 16.636 0.011
3657.83807 16.537 0.010
3661.82193 16.574 0.011
3671.85100 16.585 0.010
3675.83358 16.450 0.008
3683.85468 16.506 0.010
3687.74740 16.596 0.010
3689.84788 16.420 0.008
3692.77174 16.706 0.011
3694.78665 16.509 0.008
3696.72911 16.365 0.008
3699.73167 16.700 0.008
3701.78467 16.376 0.008
3704.69173 16.611 0.010
3706.82053 16.669 0.011
3711.69418 16.636 0.010
3713.70793 16.634 0.011
3716.80707 16.463 0.008
3719.78797 16.658 0.012
3725.77965 16.689 0.011
3730.64976 16.560 0.008
3732.67426 16.591 0.008
3734.77223 16.277 0.007
3736.78863 16.570 0.010
3737.67718 16.586 0.008
3739.77619 16.618 0.008
3742.59918 16.681 0.011
3745.71066 16.617 0.010
3747.74024 16.517 0.014
3749.62305 16.619 0.014
3751.72719 16.596 0.010
3753.59883 16.623 0.011
3755.63638 16.662 0.012
3757.66982 16.531 0.010
3759.73347 16.606 0.010
3762.72180 16.610 0.011
3765.74033 16.585 0.008
3770.58185 16.446 0.010
3773.58921 16.653 0.011
3776.58825 16.482 0.010
3779.57829 16.608 0.011
3782.62802 16.593 0.010
3787.55289 16.733 0.011
3791.60009 16.459 0.010
3799.52460 16.615 0.012
3821.50264 16.603 0.010
3945.92731 16.587 0.010
3963.92344 16.713 0.011
3969.85388 16.616 0.011
3975.90392 16.624 0.010
3981.83314 16.581 0.011
3995.88353 16.602 0.011
4001.83662 16.571 0.010
4005.81447 16.635 0.008
4007.81852 16.585 0.010
4011.81867 16.642 0.012
4018.81020 16.634 0.010
4023.84229 16.567 0.010
4026.74864 16.661 0.011
4040.84855 16.534 0.010
4042.86429 16.501 0.010
4046.73927 16.611 0.011
4048.82882 16.459 0.010
4052.67097 16.677 0.010
4056.71550 16.562 0.010
4058.65356 16.689 0.011
4063.64759 16.616 0.010
4066.64538 16.609 0.010
4069.71101 16.549 0.010
4071.63962 16.619 0.010
4076.71188 16.637 0.011
4079.72459 16.572 0.011
4083.64150 16.635 0.011
4085.70678 16.631 0.011
4092.82410 16.598 0.010
4104.87092 16.648 0.016
4112.69561 16.578 0.008
4117.68446 16.598 0.010
4121.66051 16.659 0.011
4124.74335 16.636 0.010
4129.75593 16.601 0.011
4142.61494 16.469 0.011
4150.60341 16.456 0.010
4155.51674 16.384 0.010
4166.54560 16.672 0.014
4196.49509 16.475 0.012
4341.87111 16.591 0.012
4347.82102 16.588 0.012
4351.86695 16.529 0.012
4357.87887 16.553 0.012
4363.80351 16.585 0.012
4366.85409 16.632 0.014
4369.89463 16.588 0.011
4372.79756 16.652 0.011
4376.88794 16.590 0.014
4379.89436 16.587 0.012
4386.75550 16.546 0.010
4393.76644 16.455 0.010
4398.84267 16.644 0.011
4403.84909 16.634 0.014
4411.77803 16.655 0.011
4411.83973 16.660 0.011
4418.72885 16.641 0.010
4422.82544 16.613 0.011
4429.75668 16.637 0.016
4432.69361 16.509 0.010
4436.73301 16.659 0.012
4439.79870 16.365 0.011
4443.66839 16.655 0.014
4448.82239 16.601 0.011
4451.66260 16.618 0.012
4455.66139 16.596 0.012
4457.71692 16.631 0.014
4460.74699 16.395 0.011
4464.70967 16.605 0.010
4467.70218 16.559 0.010
4471.70390 16.554 0.010
4476.67094 16.582 0.010
4480.67072 16.610 0.010
4484.74976 16.563 0.012
4488.67228 16.541 0.011
4493.67441 16.645 0.012
4498.65269 16.632 0.010
4501.64573 16.494 0.011
4506.58384 16.633 0.011
4508.59383 16.443 0.010
4510.67312 16.588 0.012
4516.62286 16.523 0.014
4519.69439 16.662 0.012
4521.53803 16.386 0.011
4530.60267 16.609 0.011
4532.63096 16.632 0.011
4537.59260 16.643 0.011
4540.64377 16.457 0.011
