 726.80876 15.124 0.007
 728.87205 15.178 0.007
 729.85495 15.254 0.007
 739.83964 15.152 0.008
 742.85193 15.207 0.007
 744.82479 15.146 0.007
 745.83434 15.351 0.007
 746.87240 15.136 0.007
 747.69179 15.320 0.007
 748.66918 15.164 0.007
 750.74947 15.172 0.007
 751.77996 15.262 0.008
 752.84136 15.233 0.007
 754.84964 15.296 0.008
 755.75348 15.147 0.007
 759.75005 15.134 0.007
 760.80456 15.311 0.007
 762.82529 15.277 0.008
 769.83768 15.359 0.008
 773.82509 15.283 0.007
 776.85109 15.275 0.008
 779.79202 15.134 0.007
 781.80855 15.119 0.007
 783.81697 15.130 0.007
 788.81948 15.201 0.007
 790.83422 15.132 0.007
 816.84187 15.115 0.007
 817.78434 15.308 0.007
 824.73173 15.356 0.008
 826.72839 15.333 0.007
 827.67445 15.146 0.007
 828.73387 15.291 0.007
 829.79840 15.167 0.007
 831.62346 15.303 0.007
 832.74636 15.204 0.007
 833.67915 15.343 0.007
 834.73218 15.141 0.007
 835.69936 15.365 0.007
 836.66816 15.121 0.007
 837.64970 15.325 0.007
 838.77732 15.122 0.010
 839.64834 15.298 0.007
 840.76875 15.157 0.007
 842.68084 15.264 0.007
 844.62856 15.348 0.008
 845.65365 15.134 0.010
 850.72470 15.309 0.007
 854.76214 15.220 0.008
 856.65411 15.153 0.007
 857.71238 15.353 0.008
 858.66624 15.131 0.007
 859.74214 15.353 0.008
 860.68331 15.127 0.007
 865.55102 15.176 0.008
 867.60645 15.147 0.007
 874.71801 15.283 0.006
 876.58714 15.198 0.006
 876.68733 15.229 0.006
 880.61081 15.115 0.007
 885.61749 15.258 0.010
 887.65580 15.240 0.008
 890.67941 15.341 0.008
 892.57293 15.349 0.008
 895.61631 15.143 0.007
 898.59397 15.216 0.006
 918.60924 15.295 0.010
 922.51354 15.176 0.007
 928.57546 15.147 0.008
 933.53769 15.197 0.007
 951.49566 15.302 0.007
1041.90988 15.360 0.007
1072.88547 15.300 0.007
1079.82829 15.172 0.007
1080.87253 15.274 0.007
1081.82191 15.228 0.007
1083.89016 15.287 0.007
1084.80379 15.159 0.007
1086.82408 15.126 0.007
1089.78713 15.307 0.007
1090.80893 15.146 0.007
1091.86708 15.284 0.007
1092.86544 15.210 0.007
1102.87106 15.289 0.007
1107.85406 15.351 0.007
1109.80376 15.356 0.008
1113.86721 15.308 0.007
1116.81144 15.295 0.007
1126.71318 15.224 0.007
1129.81193 15.329 0.007
1131.81660 15.359 0.008
1132.80845 15.112 0.007
1134.82152 15.124 0.007
1142.75884 15.354 0.007
1151.85347 15.300 0.007
1153.72509 15.360 0.007
1155.68077 15.330 0.008
1157.74137 15.300 0.008
1159.74637 15.249 0.007
1161.81142 15.235 0.007
1163.80809 15.170 0.007
1165.80826 15.134 0.007
1167.74296 15.135 0.007
1168.75398 15.319 0.007
1171.72182 15.256 0.007
1174.84964 15.190 0.006
1178.76760 15.133 0.007
1181.73315 15.266 0.007
1183.76670 15.227 0.007
1185.81563 15.192 0.007
1187.76887 15.143 0.007
1189.75726 15.114 0.007
1191.82214 15.148 0.007
1192.85289 15.304 0.007
1194.67240 15.226 0.007
1196.68930 15.165 0.007
1202.69467 15.157 0.007
1204.67480 15.225 0.008
1207.68758 15.168 0.008
1211.67989 15.121 0.007
1213.71414 15.151 0.007
1214.72206 15.289 0.008
1216.61622 15.212 0.007
1217.68381 15.299 0.008
1221.59172 15.351 0.008
1224.56150 15.178 0.008
1226.56979 15.237 0.011
1235.56763 15.169 0.007
1237.55154 15.238 0.010
1238.65354 15.224 0.010
1241.55374 15.346 0.008
1245.53943 15.331 0.008
1251.59611 15.198 0.010
1254.55000 15.369 0.008
1255.58300 15.112 0.008
1257.61462 15.160 0.010
1260.60068 15.262 0.007
1275.53137 15.158 0.008
1278.51401 15.341 0.008
1281.52206 15.197 0.008
1290.49178 15.148 0.008
1300.52877 15.356 0.010
1305.50719 15.255 0.008
1315.49739 15.248 0.010
1318.48010 15.330 0.008
1431.82804 15.286 0.008
1433.82462 15.239 0.008
1435.87251 15.189 0.007
1437.86520 15.139 0.007
1440.90419 15.340 0.008
1443.79551 15.204 0.008
1447.76928 15.356 0.010
1448.86002 15.149 0.008
1455.77822 15.233 0.008
1458.76415 15.349 0.010
1459.88574 15.161 0.007
1460.76636 15.365 0.008
1461.73212 15.123 0.007
1471.74253 15.368 0.008
1475.83698 15.311 0.007
1478.76169 15.248 0.007
1481.82391 15.162 0.007
1484.82822 15.352 0.007
1487.82100 15.145 0.007
1491.75974 15.334 0.008
1493.70170 15.360 0.008
1495.74510 15.347 0.007
1498.66626 15.189 0.008
1500.80679 15.212 0.007
1503.69709 15.162 0.008
1505.80393 15.134 0.007
1507.69996 15.139 0.008
1508.81655 15.334 0.007
1509.67811 15.175 0.007
1510.64357 15.257 0.007
1511.72623 15.239 0.007
1512.76026 15.224 0.007
1514.77472 15.192 0.008
1516.82052 15.153 0.007
1518.69238 15.140 0.007
1520.71770 15.156 0.007
1522.71837 15.233 0.007
1523.71855 15.217 0.008
1525.69448 15.166 0.007
1527.75983 15.129 0.007
1528.68577 15.362 0.007
1529.81121 15.122 0.007
1531.70315 15.149 0.007
1538.66027 15.116 0.007
1541.61612 15.305 0.007
1542.77046 15.143 0.007
1544.67277 15.207 0.007
1546.69744 15.297 0.008
1547.69910 15.173 0.007
1548.67623 15.356 0.008
1551.70558 15.122 0.007
1552.63853 15.323 0.007
1553.66222 15.152 0.007
1554.64084 15.275 0.007
1555.66530 15.207 0.007
1556.63945 15.225 0.007
1560.63116 15.124 0.007
1564.55030 15.169 0.008
1568.62698 15.283 0.008
1571.63664 15.138 0.007
1575.65104 15.134 0.007
1578.69136 15.252 0.008
1580.70214 15.202 0.007
1582.63665 15.147 0.007
1585.62743 15.345 0.008
1588.63069 15.181 0.008
1591.59454 15.183 0.010
1595.58779 15.121 0.007
1599.65375 15.150 0.007
1600.62065 15.250 0.008
1601.61379 15.252 0.008
1604.61183 15.155 0.007
1606.56882 15.120 0.007
1609.52503 15.292 0.008
1610.53997 15.189 0.008
1611.60005 15.267 0.008
1613.58043 15.204 0.007
1614.65152 15.306 0.008
1616.50913 15.359 0.007
1618.65835 15.348 0.008
1619.54839 15.140 0.008
1621.54452 15.166 0.007
1623.64169 15.210 0.008
1625.62273 15.290 0.008
1627.59301 15.365 0.010
1628.53293 15.124 0.007
1630.50457 15.150 0.008
1631.50237 15.300 0.007
1633.61782 15.295 0.007
1635.50082 15.208 0.008
1645.50990 15.241 0.010
1653.49523 15.316 0.008
1655.53916 15.274 0.008
1657.54863 15.242 0.008
1660.52347 15.363 0.008
1662.53081 15.355 0.008
1664.55390 15.334 0.008
1669.52381 15.287 0.008
1672.49651 15.133 0.007
1687.49416 15.145 0.010
1695.47949 15.360 0.008
1766.87225 15.138 0.008
1768.85790 15.121 0.007
1773.91623 15.258 0.007
1782.84746 15.303 0.007
1788.85590 15.146 0.007
1804.85112 15.316 0.008
1811.87168 15.358 0.007
1815.84786 15.324 0.007
1822.72957 15.352 0.007
1829.87882 15.198 0.007
1844.78666 15.362 0.007
1850.76804 15.284 0.007
1854.82506 15.197 0.007
1858.77217 15.121 0.007
1860.81451 15.138 0.007
1863.78764 15.246 0.007
1866.73833 15.354 0.007
1868.71943 15.375 0.007
1870.84046 15.349 0.008
1872.85629 15.310 0.008
1874.76125 15.254 0.007
2166.89956 15.331 0.006
2173.81998 15.336 0.006
2189.89136 15.104 0.006
2192.79375 15.237 0.006
2201.80654 15.302 0.006
2212.83820 15.324 0.006
2223.84281 15.327 0.006
2226.82280 15.208 0.006
2228.85981 15.278 0.006
2230.77333 15.354 0.006
2232.79308 15.351 0.006
2234.78727 15.316 0.006
2238.75098 15.216 0.006
2241.63430 15.359 0.006
2243.69273 15.347 0.006
2248.76063 15.196 0.006
2251.72256 15.165 0.006
2253.80666 15.127 0.006
2255.68162 15.115 0.006
2261.70187 15.311 0.006
2264.78294 15.123 0.006
2269.81635 15.320 0.006
2271.76374 15.235 0.006
2273.84879 15.214 0.006
2274.63345 15.349 0.006
2276.74058 15.365 0.006
2278.63909 15.317 0.006
2280.63730 15.278 0.006
2282.64586 15.210 0.006
2289.77951 15.353 0.006
2291.78759 15.318 0.006
2293.75335 15.242 0.006
2295.77527 15.210 0.006
2297.76860 15.157 0.006
2299.80916 15.143 0.006
2301.70327 15.116 0.006
2303.69947 15.148 0.006
2321.65014 15.121 0.006
2327.52864 15.293 0.006
2332.56153 15.132 0.006
2333.52559 15.342 0.006
2339.51379 15.188 0.006
2347.50846 15.183 0.006
2402.50247 15.149 0.006
2524.89819 15.302 0.006
2537.89815 15.362 0.006
2542.86048 15.132 0.006
2552.80779 15.332 0.006
2556.80103 15.230 0.006
2559.84920 15.362 0.006
2563.89447 15.341 0.007
2564.81717 15.134 0.006
2573.81877 15.114 0.006
2578.74295 15.241 0.006
2583.77842 15.355 0.006
2589.82139 15.261 0.006
2596.70963 15.330 0.006
2605.71088 15.361 0.006
2609.70163 15.283 0.006
2614.63639 15.352 0.006
2618.69412 15.351 0.006
2620.82200 15.320 0.006
2623.79288 15.209 0.006
2627.65745 15.369 0.007
2629.68099 15.350 0.006
2631.70096 15.301 0.006
2634.72923 15.220 0.006
2635.60118 15.182 0.006
2637.80023 15.189 0.006
2639.62614 15.105 0.006
2641.69181 15.121 0.006
2643.70058 15.161 0.006
2645.68981 15.238 0.006
2647.64754 15.331 0.006
2650.86314 15.166 0.006
2651.60211 15.351 0.006
2653.62912 15.312 0.006
2655.74240 15.279 0.006
2657.59509 15.186 0.006
2659.61008 15.170 0.006
2661.82808 15.143 0.006
2663.84215 15.125 0.006
2665.84805 15.094 0.006
2668.59704 15.206 0.006
2670.60218 15.173 0.006
2672.58876 15.109 0.006
2674.61015 15.139 0.006
2676.59663 15.148 0.006
2678.66939 15.204 0.006
2680.59512 15.308 0.006
2682.64410 15.351 0.006
2686.63864 15.330 0.006
2695.62102 15.372 0.006
2700.57515 15.223 0.006
2706.59396 15.360 0.006
2713.55904 15.290 0.006
2840.93682 15.200 0.006
2868.87654 15.371 0.006
2885.84151 15.222 0.006
2892.87107 15.348 0.006
2897.84039 15.272 0.006
2903.88620 15.343 0.006
2906.88933 15.149 0.006
2911.76914 15.137 0.006
2916.81318 15.325 0.006
2922.80307 15.161 0.006
2925.89160 15.347 0.007
2930.80421 15.244 0.006
2933.84857 15.159 0.006
2939.85686 15.140 0.006
2942.80646 15.232 0.006
2944.85089 15.177 0.006
2946.85280 15.140 0.006
2949.76744 15.322 0.006
2952.84332 15.204 0.006
2956.68254 15.361 0.006
2958.70925 15.344 0.006
2962.72012 15.269 0.006
2965.73920 15.307 0.006
2967.83876 15.339 0.006
2970.80410 15.107 0.006
2974.74194 15.214 0.006
2976.77661 15.269 0.006
2978.75671 15.345 0.006
2980.69677 15.354 0.006
2982.65616 15.326 0.006
2984.70675 15.276 0.006
2986.79003 15.250 0.006
2988.75408 15.202 0.006
2990.62624 15.136 0.006
2992.77684 15.110 0.006
2994.62311 15.162 0.006
2995.63267 15.273 0.006
2997.64165 15.220 0.006
2999.76136 15.205 0.006
3001.73316 15.150 0.006
3003.70670 15.117 0.006
3005.69746 15.136 0.006
3007.71188 15.189 0.006
3009.70994 15.257 0.006
3011.67926 15.348 0.006
3013.68248 15.365 0.006
3017.69291 15.311 0.006
3019.62047 15.235 0.006
3021.73963 15.208 0.006
3023.60160 15.121 0.006
3024.80263 15.335 0.006
3026.79893 15.342 0.006
3028.81091 15.347 0.006
3031.67288 15.260 0.006
3033.73681 15.305 0.006
3035.74317 15.348 0.006
3038.72155 15.125 0.006
3041.58973 15.261 0.006
3043.62513 15.199 0.006
3045.65881 15.160 0.006
3047.61289 15.107 0.006
3049.61850 15.136 0.006
3051.58578 15.175 0.006
3053.58090 15.245 0.006
3055.58005 15.330 0.006
3057.60487 15.368 0.006
3060.62738 15.140 0.006
3064.63170 15.225 0.006
3067.68869 15.182 0.006
3070.53704 15.342 0.006
3073.60455 15.160 0.006
3075.65295 15.221 0.006
3078.57307 15.172 0.006
3082.56244 15.117 0.006
3084.63936 15.143 0.006
3087.60102 15.238 0.006
3090.56480 15.355 0.006
3102.53126 15.131 0.006
3105.56506 15.343 0.006
3108.54352 15.201 0.006
3112.51488 15.353 0.006
3116.50217 15.335 0.006
3126.50789 15.134 0.006
3146.47041 15.148 0.006
3241.89543 15.353 0.006
3256.90680 15.324 0.006
3263.88165 15.352 0.006
3268.89723 15.129 0.006
3273.87249 15.198 0.006
3277.86169 15.124 0.006
3281.85180 15.200 0.006
3287.71335 15.361 0.006
3289.86552 15.343 0.006
3294.86098 15.249 0.006
3296.86873 15.326 0.006
3301.71972 15.152 0.006
3304.78236 15.249 0.006
3306.86337 15.209 0.006
3311.69048 15.334 0.006
3320.73326 15.364 0.006
3327.70228 15.258 0.006
3329.85289 15.293 0.006
3334.75886 15.118 0.006
3338.80898 15.209 0.006
3350.64080 15.209 0.006
3354.64096 15.147 0.006
3358.69444 15.171 0.006
3361.79990 15.257 0.006
3363.74966 15.188 0.006
3367.70345 15.124 0.006
3372.72188 15.229 0.006
3378.63462 15.139 0.006
3387.62096 15.126 0.006
3391.70218 15.142 0.006
3395.69360 15.264 0.006
3399.66970 15.358 0.006
3402.68655 15.142 0.006
3404.61712 15.199 0.006
3408.56773 15.354 0.006
3412.61316 15.341 0.006
3416.59656 15.246 0.006
3424.59964 15.141 0.006
3437.51229 15.202 0.006
3445.51702 15.340 0.006
3453.53876 15.145 0.006
3462.51404 15.206 0.006
3589.92743 15.256 0.006
3629.85249 15.358 0.006
3634.81785 15.242 0.006
3639.87075 15.135 0.006
3641.86165 15.129 0.006
3650.85697 15.130 0.006
3653.88483 15.335 0.006
3657.83807 15.251 0.006
3661.82193 15.128 0.006
3671.85100 15.336 0.006
3675.83358 15.352 0.006
3683.85468 15.156 0.006
3687.74740 15.147 0.006
3689.84788 15.168 0.006
3692.77174 15.215 0.006
3694.78665 15.146 0.006
3696.72911 15.118 0.006
3699.73167 15.292 0.006
3701.78467 15.265 0.006
3704.69173 15.343 0.006
3706.82053 15.361 0.006
3711.69418 15.197 0.006
3713.70793 15.259 0.006
3716.80707 15.178 0.006
3719.78797 15.367 0.006
3725.77965 15.210 0.006
3730.64976 15.324 0.006
3732.67426 15.313 0.006
3734.77223 15.288 0.006
3736.78863 15.224 0.006
3737.67718 15.333 0.006
3739.77619 15.338 0.006
3742.59918 15.146 0.006
3745.71066 15.275 0.006
3747.74024 15.232 0.006
3749.62305 15.158 0.006
3751.72719 15.130 0.006
3753.59883 15.148 0.006
3755.63638 15.176 0.006
3757.66982 15.212 0.006
3759.73347 15.275 0.006
3762.72180 15.134 0.006
3765.74033 15.329 0.006
3770.58185 15.256 0.006
3773.58921 15.129 0.006
3776.58825 15.316 0.006
3779.57829 15.231 0.006
3782.62802 15.196 0.006
3787.55289 15.319 0.006
3791.60009 15.233 0.006
3799.52460 15.168 0.006
3821.50264 15.143 0.006
3945.92731 15.361 0.006
3963.92344 15.185 0.006
3969.85388 15.366 0.006
3975.90392 15.252 0.006
3981.83314 15.128 0.006
3995.88353 15.332 0.006
4001.83662 15.152 0.006
4005.81447 15.154 0.006
4007.81852 15.157 0.006
4011.81867 15.338 0.006
4018.81020 15.156 0.006
4023.84229 15.184 0.006
4026.74864 15.357 0.006
4040.84855 15.122 0.006
4042.86429 15.184 0.006
4046.73927 15.348 0.006
4048.82882 15.361 0.006
4052.67097 15.254 0.006
4056.71550 15.179 0.006
4058.65356 15.122 0.006
4063.64759 15.251 0.006
4066.64538 15.322 0.006
4069.71101 15.128 0.006
4071.63962 15.121 0.006
4076.71188 15.235 0.006
4079.72459 15.344 0.006
4083.64150 15.336 0.006
4085.70678 15.293 0.006
4092.82410 15.360 0.006
4104.87092 15.165 0.006
4112.69561 15.322 0.006
4117.68446 15.125 0.006
4121.66051 15.242 0.006
4124.74335 15.172 0.006
4129.75593 15.340 0.006
4142.61494 15.265 0.006
4150.60341 15.108 0.006
4155.51674 15.194 0.006
4166.54560 15.201 0.006
4196.49509 15.154 0.006
4341.87111 15.173 0.006
4347.82102 15.144 0.006
4351.86695 15.281 0.006
4357.87887 15.348 0.006
4363.80351 15.180 0.006
4366.85409 15.370 0.006
4369.89463 15.119 0.006
4372.79756 15.245 0.006
4376.88794 15.155 0.006
4379.89436 15.351 0.006
4386.75550 15.350 0.006
4393.76644 15.184 0.006
4398.84267 15.159 0.006
4403.84909 15.327 0.006
4411.77803 15.125 0.006
4411.83973 15.140 0.006
4418.72885 15.207 0.006
4422.82544 15.146 0.006
4429.75668 15.228 0.006
4432.69361 15.363 0.006
4436.73301 15.328 0.006
4439.79870 15.191 0.006
4443.66839 15.363 0.006
4448.82239 15.121 0.006
4451.66260 15.219 0.006
4455.66139 15.127 0.006
4457.71692 15.115 0.006
4460.74699 15.303 0.006
4464.70967 15.187 0.006
4467.70218 15.353 0.006
4471.70390 15.295 0.006
4476.67094 15.343 0.006
4480.67072 15.336 0.006
4484.74976 15.264 0.006
4488.67228 15.155 0.006
4493.67441 15.294 0.006
4498.65269 15.341 0.006
4501.64573 15.119 0.006
4506.58384 15.235 0.006
4508.59383 15.191 0.006
4510.67312 15.173 0.006
4516.62286 15.194 0.006
4519.69439 15.222 0.006
4521.53803 15.156 0.006
4530.60267 15.210 0.006
4532.63096 15.183 0.006
4537.59260 15.334 0.006
4540.64377 15.206 0.006
