dia,mag
2156.89973,13.389
2161.86670,13.388
2173.87993,13.103
2186.81692,13.455
2192.84923,13.393
2201.83569,13.470
2214.81724,13.076
2221.76014,13.416
2224.77284,13.078
2227.67546,13.274
2229.68893,12.978
2230.83309,13.030
2232.85270,13.418
2234.84745,13.244
2237.76791,13.367
2241.69318,13.422
2243.74700,13.291
2247.82887,13.433
2248.83149,13.354
2250.81888,13.141
2252.67856,13.354
2254.66962,13.101
2257.67630,13.362
2260.68302,12.954
2264.68839,13.204
2266.67450,13.413
2270.68220,13.033
2271.82256,13.132
2272.83051,12.859
2274.67217,13.239
2276.77813,13.034
2277.83142,12.911
2279.84903,13.421
2280.82257,13.357
2282.71945,13.478
2288.78081,13.515
2290.81808,13.405
2292.79113,12.916
2294.76744,13.444
2296.78308,13.198
2298.73978,13.502
2300.75028,13.377
2302.72695,12.812
2323.60335,13.470
2333.59882,13.462
2345.53630,13.264
2351.51443,13.114
2369.51289,13.397
2385.49765,13.374
2529.84322,13.329
2539.84565,13.411
2545.81488,13.187
2552.86886,12.813
2556.86022,13.141
2560.76930,13.205
2564.87687,13.458
2573.87327,12.789
2578.79762,13.429
2583.85202,12.890
2590.75854,13.345
2596.77115,13.247
2605.80110,13.391
2609.77052,13.461
2614.72878,13.478
2618.78375,13.032
2621.70884,13.295
2624.61480,13.396
2627.71307,13.168
2629.73603,13.278
2632.66197,13.113
2635.70921,13.410
2638.68018,12.946
2640.77707,13.498
2642.73355,13.303
2644.73626,12.844
2646.69022,13.399
2650.74604,13.515
2652.80794,13.416
2654.76860,13.044
2656.67402,13.428
2658.63577,13.017
2660.65409,13.459
2662.66505,13.327
2664.64510,12.734
2666.70849,13.462
2668.69461,13.222
2670.65673,13.540
2672.79550,13.464
2674.69625,13.046
2676.68537,13.460
2678.73862,13.373
2680.64937,13.313
2682.69568,13.446
2687.57551,13.338
2693.53472,13.092
2696.57146,13.443
2701.55311,13.441
2707.55983,13.379
2714.54700,13.064
2839.92365,13.423
2867.89465,13.165
2885.87230,13.428
2892.90082,13.333
2897.86973,13.310
2907.78994,13.241
2911.82733,13.455
2916.87773,13.479
2922.86142,13.434
2926.79309,13.459
2930.86279,12.837
2934.76485,12.956
2940.74559,13.440
2943.74985,13.205
2947.75850,13.386
2949.84849,13.258
2953.71563,13.223
2956.74097,13.467
2958.76731,13.326
2962.77983,13.422
2965.80286,13.074
2968.67015,13.236
2973.79364,13.390
2976.80607,12.958
2978.71374,13.340
2980.72616,13.044
2982.71886,13.402
2984.76598,13.303
2986.84865,13.098
2988.81903,13.437
2989.77434,13.339
2991.66946,13.369
2993.68993,13.377
2995.76304,13.209
2997.73544,13.490
2999.69961,13.311
3001.79447,13.099
3003.76516,13.433
3005.72698,13.205
3007.64840,13.491
3009.64622,13.312
3011.74582,13.076
3017.75131,12.813
3019.67935,13.405
3021.79793,13.235
3023.65971,13.451
3025.62762,13.178
3027.67699,12.778
3029.66205,13.432
3031.73194,13.186
3033.79559,12.795
3035.80239,13.453
3038.78002,12.799
3041.62057,13.047
3043.65461,13.520
3045.71753,13.426
3047.67127,12.958
3048.60005,13.472
3050.61956,13.320
3052.62078,12.863
3054.62097,13.439
3056.61344,13.144
3058.60743,13.494
3060.65701,13.402
3068.54294,13.481
3070.60391,13.372
3073.63506,12.899
3078.64407,12.968
3082.62191,13.192
3085.52300,13.335
3087.66121,13.249
3090.62736,13.412
3096.54321,13.284
3099.61299,13.064
3102.59162,13.245
3104.57833,13.232
3107.56205,13.224
3110.56011,13.407
3113.53802,13.007
3128.51054,13.056
3140.51755,13.525
3216.88175,13.438
3241.92466,12.983
3248.86684,13.413
3257.89520,12.825
3264.81654,13.373
3270.88330,13.336
3274.76893,13.367
3277.89098,12.947
3287.77261,12.872
3291.70955,12.917
3295.73102,13.229
3297.72301,13.100
3299.78733,13.425
3301.78454,13.173
3304.84487,13.467
3309.75064,13.405
3311.74862,13.164
3320.79158,13.376
3327.76356,13.116
3330.72218,13.363
3334.82110,12.998
3339.76890,13.282
3354.78480,12.902
3358.83350,13.259
3372.77996,13.414
3378.69262,13.135
3391.76036,13.521
3399.72917,13.155
3403.71653,13.364
3406.68604,13.485
3410.63895,12.801
3415.63616,12.818
3420.62595,12.870
3427.59991,13.392
3433.62253,13.335
3438.55175,13.282
3446.50890,13.442
3455.53224,12.999
3461.52631,13.213
3473.48562,13.360
3619.83807,12.742
3629.91154,13.088
3633.87653,13.269
3639.78902,12.882
3644.82564,13.049
3651.76878,13.449
3654.81631,13.122
3658.78031,13.258
3661.85103,13.192
3668.82376,13.350
3672.81200,13.428
3676.76881,13.368
3684.83078,13.291
3687.80518,13.404
3690.72505,13.022
3693.75906,13.350
3695.79183,13.159
3698.77359,13.356
3700.80217,13.210
3703.73303,13.356
3705.80020,13.225
3708.78813,13.418
3712.74575,13.407
3714.81598,13.380
3717.67843,13.470
3719.85097,13.414
3721.81192,13.179
3726.70775,13.002
3730.73999,13.311
3732.73210,12.818
3735.63149,13.180
3737.76386,13.002
3739.83384,13.510
3741.84678,13.382
3743.74394,13.438
3746.78646,13.308
3748.73962,13.131
3749.74524,13.466
3751.75658,13.292
3753.70807,13.377
3755.70908,13.424
3757.69895,12.981
3759.76373,13.504
3762.78524,13.204
3765.77233,13.462
3770.64484,13.385
3773.71093,12.919
3776.68125,13.302
3779.63581,13.451
3782.74944,13.269
3787.61265,13.090
3792.56336,13.038
3800.54536,13.344
3810.50296,13.329
3823.51272,12.947
3964.89127,13.391
3969.92208,13.425
3981.88987,13.149
3998.88216,12.919
3999.84465,13.465
4001.89365,13.293
4004.85764,13.473
4005.87160,13.420
4008.73784,13.473
4013.77460,13.469
4018.86752,12.955
4024.73495,13.409
4026.80802,13.277
4029.75725,13.439
4032.77252,13.107
4038.73859,13.055
4041.69985,13.209
4043.70471,13.173
4049.66735,13.403
4052.72875,13.158
4054.71558,13.454
4056.77361,13.346
4058.80595,13.143
4063.70450,12.973
4066.76183,13.374
4068.66671,12.931
4070.69180,13.398
4074.75943,12.918
4077.80798,13.393
4079.85284,13.161
4083.69842,13.108
4085.76415,13.061
4093.74871,13.275
4105.82123,13.059
4109.79111,13.254
4113.74694,13.403
4120.77717,13.090
4122.73366,13.469
4125.78789,13.158
4132.67566,13.444
4142.72668,13.414
4156.56178,13.386
4168.51643,13.301
4197.49574,13.492
4341.92814,13.513
4347.87968,13.459
4353.81301,13.212
4358.91131,13.420
4364.87574,13.199
4367.90019,13.481
4371.76548,13.472
4377.82183,13.435
4380.83675,13.048
4386.81248,13.114
4390.77441,13.016
4394.73053,13.145
4399.74850,13.203
4407.71153,13.401
4412.72696,13.428
4418.82034,13.440
4426.76406,13.023
4430.69145,13.128
4432.75063,13.104
4436.79056,13.159
4439.85567,13.456
4443.74370,13.486
4449.70655,13.427
4451.71628,13.118
4455.71540,13.358
4457.74584,12.966
4460.81749,13.463
4463.73578,13.051
4466.72477,13.253
4470.67224,13.380
4477.77347,13.202
4482.77725,13.241
4486.75508,13.389
4492.65022,13.082
4494.67400,13.465
4498.70652,13.030
4501.70383,13.371
4506.63791,13.310
4508.66475,13.038
4510.73072,13.414
4517.66496,13.259
4521.64549,13.357
4524.60820,13.190
4530.63419,13.437
4532.65993,13.304
4536.63219,13.366
4539.51416,13.421
4541.62332,13.378
