,periodo,magnitud
0,1.0,16.43864593748519
1,1.1635618505359069,16.271056985746917
2,1.353876180022544,16.103468034008646
3,1.5753186734235158,15.935879082270372
4,1.8329807108324359,15.7682901305321
5,2.132786427892811,15.600701178793827
6,2.481628922836826,15.433112227055553
7,2.887528741799446,15.26552327531728
8,3.3598182862837818,15.097934323579008
9,3.9093563826527364,14.930345371840733
10,4.548777947003776,14.76275642010246
11,5.292784485692637,14.595167468364188
12,6.158482110660264,14.427578516625914
13,7.165774841172134,14.259989564887642
14,8.33782223471789,14.092400613149369
15,9.701571868867779,13.924811661411097
16,11.28837891684689,13.757222709672824
17,13.134727062036884,13.58963375793455
18,15.283067326587688,13.422044806196277
19,17.78279410038923,13.254455854458005
